2009-06-01,7980.0,8057.0,7878.0,8057.0,285429,VND
2009-06-02,8541.0,8541.0,8057.0,8159.0,424525,VND
2009-06-03,8363.0,8363.0,7904.0,8006.0,272224,VND
2009-06-04,7904.0,8541.0,7904.0,8541.0,495973,VND
2009-06-05,8796.0,8796.0,8796.0,8796.0,651530,VND
2009-06-08,9357.0,9408.0,9179.0,9408.0,546439,VND
2009-06-09,9408.0,9994.0,8796.0,8924.0,554397,VND
2009-06-10,8847.0,8847.0,8490.0,8490.0,675044,VND
2009-06-11,8490.0,8924.0,8133.0,8720.0,493983,VND
2009-06-12,8924.0,9230.0,8159.0,8414.0,471012,VND
2009-06-15,8541.0,8541.0,8108.0,8108.0,416386,VND
2009-06-16,7776.0,7776.0,7547.0,7547.0,402820,VND
2009-06-17,7394.0,7904.0,7037.0,7904.0,233154,VND
2009-06-18,7980.0,8057.0,7674.0,8057.0,328116,VND
2009-06-19,8337.0,8414.0,7649.0,7904.0,169485,VND
2009-06-22,7725.0,7725.0,7470.0,7496.0,193723,VND
2009-06-23,6986.0,7139.0,6986.0,6986.0,268426,VND
2009-06-24,7011.0,7496.0,7011.0,7496.0,70543,VND
2009-06-25,7980.0,7980.0,7139.0,7394.0,110518,VND
2009-06-26,7572.0,7572.0,7317.0,7445.0,73799,VND
2009-06-29,7445.0,7445.0,7139.0,7266.0,65298,VND
2009-06-30,7241.0,7266.0,6756.0,6935.0,139639,VND
2009-07-01,6552.0,6552.0,6476.0,6476.0,246359,VND
2009-07-02,6527.0,6909.0,6374.0,6858.0,202586,VND
2009-07-03,6476.0,6807.0,6374.0,6756.0,107805,VND
2009-07-06,6884.0,7139.0,6884.0,7139.0,202043,VND
2009-07-07,7088.0,7139.0,6884.0,6960.0,62584,VND
2009-07-08,6986.0,7011.0,6782.0,6884.0,63670,VND
2009-07-09,7011.0,7419.0,7011.0,7266.0,312199,VND
2009-07-10,7266.0,7266.0,7011.0,7011.0,63851,VND
2009-07-13,7062.0,7139.0,6833.0,6858.0,118838,VND
2009-07-14,7139.0,7266.0,6756.0,6884.0,111603,VND
2009-07-15,6909.0,7011.0,6884.0,6909.0,52636,VND
2009-07-16,7266.0,7266.0,6960.0,7011.0,44135,VND
2009-07-17,6884.0,7011.0,6756.0,6858.0,44135,VND
2009-07-20,6680.0,6680.0,6399.0,6527.0,149226,VND
2009-07-21,6858.0,6858.0,6374.0,6629.0,90078,VND
2009-07-22,6629.0,6756.0,6552.0,6578.0,43954,VND
2009-07-23,6629.0,7088.0,6476.0,7011.0,164782,VND
2009-07-24,7037.0,7292.0,7037.0,7292.0,195350,VND
2009-07-27,7802.0,7802.0,7164.0,7419.0,157366,VND
2009-07-28,7139.0,7394.0,6986.0,7037.0,130595,VND
2009-07-29,6884.0,7139.0,6884.0,6960.0,107443,VND
2009-07-30,6858.0,6935.0,6501.0,6833.0,106357,VND
2009-07-31,7088.0,7241.0,7011.0,7241.0,220855,VND
2009-08-03,7266.0,7266.0,7037.0,7139.0,103283,VND
2009-08-04,7394.0,7445.0,7139.0,7190.0,82300,VND
2009-08-05,7266.0,7292.0,7037.0,7266.0,138916,VND
2009-08-06,7241.0,7445.0,7190.0,7317.0,199149,VND
2009-08-07,7266.0,7368.0,7266.0,7317.0,116306,VND
2009-08-10,7496.0,7802.0,7419.0,7802.0,539023,VND
2009-08-11,8159.0,8235.0,7853.0,8235.0,554940,VND
2009-08-12,8669.0,8720.0,8414.0,8618.0,966080,VND
2009-08-13,8694.0,8694.0,8108.0,8108.0,270416,VND
2009-08-14,7980.0,8031.0,7700.0,8006.0,271863,VND
2009-08-17,7649.0,8312.0,7649.0,8031.0,197159,VND
2009-08-18,8031.0,8108.0,7878.0,7980.0,238219,VND
2009-08-19,8159.0,8286.0,7955.0,8133.0,334628,VND
2009-08-20,8363.0,8541.0,8031.0,8159.0,235868,VND
2009-08-21,8286.0,8694.0,8159.0,8363.0,925021,VND
2009-08-24,8796.0,8873.0,8567.0,8669.0,421631,VND
2009-08-25,8669.0,8669.0,8337.0,8439.0,170389,VND
2009-08-26,8184.0,8516.0,8184.0,8388.0,203490,VND
2009-08-27,8414.0,8490.0,8286.0,8490.0,333724,VND
2009-08-28,8490.0,8924.0,8490.0,8898.0,624217,VND
2009-08-31,9281.0,9383.0,8873.0,9383.0,730213,VND
2009-09-01,9969.0,9969.0,8924.0,9179.0,400288,VND
2009-09-03,8847.0,9179.0,8745.0,8847.0,317987,VND
2009-09-04,8822.0,8898.0,8235.0,8414.0,357238,VND
2009-09-07,8414.0,8516.0,7980.0,8363.0,244912,VND
2009-09-08,8490.0,8643.0,8414.0,8643.0,260467,VND
2009-09-09,8771.0,8924.0,8541.0,8567.0,166591,VND
2009-09-10,8643.0,8720.0,8465.0,8720.0,290312,VND
2009-09-11,8898.0,8924.0,8618.0,8669.0,355610,VND
2009-09-14,8873.0,9128.0,8694.0,9051.0,532692,VND
2009-09-15,9306.0,9561.0,9306.0,9561.0,1432389,VND
2009-09-16,10198.0,10198.0,9688.0,9816.0,674140,VND
2009-09-17,10071.0,10071.0,9383.0,9535.0,379486,VND
2009-09-18,9510.0,9765.0,9051.0,9612.0,411140,VND
2009-09-21,9688.0,10198.0,9688.0,10198.0,1104092,VND
2009-09-22,10810.0,10810.0,10198.0,10810.0,999724,VND
2009-09-23,11346.0,11397.0,10708.0,11269.0,1223473,VND
2009-09-24,10708.0,11065.0,10581.0,10606.0,513880,VND
2009-09-25,10224.0,10963.0,10147.0,10938.0,794063,VND
2009-09-28,10963.0,11091.0,10581.0,10759.0,658223,VND
2009-09-29,10963.0,11473.0,10683.0,11218.0,760058,VND
2009-09-30,11014.0,11601.0,10963.0,11550.0,942928,VND
2009-10-01,11728.0,11728.0,10861.0,10912.0,487291,VND
2009-10-02,10504.0,10963.0,10504.0,10963.0,700368,VND
2009-10-05,10581.0,10938.0,10351.0,10759.0,383827,VND
2009-10-06,11091.0,11218.0,10708.0,11167.0,479694,VND
2009-10-07,11448.0,11779.0,11448.0,11779.0,1006417,VND
2009-10-08,12569.0,12569.0,12111.0,12569.0,1457893,VND
2009-10-09,13283.0,13283.0,13156.0,13283.0,881248,VND
2009-10-12,14201.0,14201.0,14201.0,14201.0,256669,VND
2009-10-13,15170.0,15170.0,14813.0,15170.0,1739523,VND
2009-10-14,16190.0,16190.0,14788.0,16190.0,1344481,VND
2009-10-15,16929.0,16929.0,15323.0,15807.0,861532,VND
2009-10-16,15756.0,15807.0,15170.0,15247.0,1185850,VND
2009-10-19,14788.0,16317.0,14788.0,16317.0,1523191,VND
2009-10-20,17363.0,17363.0,17363.0,17363.0,278374,VND
2009-10-21,18561.0,18561.0,17592.0,18561.0,1634613,VND
2009-10-22,19504.0,19504.0,17873.0,18230.0,1669885,VND
2009-10-23,18612.0,19785.0,17261.0,17592.0,1427324,VND
2009-10-26,17082.0,19504.0,17057.0,17975.0,774347,VND
2009-10-27,17465.0,17847.0,17159.0,17618.0,652796,VND
2009-10-28,17337.0,18434.0,17337.0,17490.0,435197,VND
2009-10-29,17363.0,18077.0,16623.0,17847.0,642486,VND
2009-10-30,18230.0,18230.0,18000.0,18230.0,736363,VND
2009-11-02,17082.0,18357.0,16955.0,16980.0,353440,VND
2009-11-03,17108.0,18255.0,16572.0,18255.0,674321,VND
2009-11-04,18740.0,18740.0,18357.0,18740.0,866777,VND
2009-11-05,20014.0,20014.0,18714.0,19581.0,832048,VND
2009-11-06,18357.0,20142.0,18230.0,18867.0,958845,VND
2009-11-09,18969.0,19122.0,17898.0,17898.0,518221,VND
2009-11-10,18000.0,18332.0,16751.0,16751.0,567602,VND
2009-11-11,17312.0,17465.0,16521.0,17439.0,352716,VND
2009-11-12,16062.0,18179.0,16062.0,18179.0,448944,VND
2009-11-13,18740.0,18740.0,16955.0,18204.0,387445,VND
2009-11-16,18357.0,18587.0,17873.0,17873.0,320158,VND
2009-11-17,18357.0,18510.0,17592.0,17822.0,316359,VND
2009-11-18,17975.0,18357.0,17210.0,17873.0,321605,VND
2009-11-19,17898.0,18332.0,17465.0,17592.0,492898,VND
2009-11-20,17490.0,17975.0,16827.0,17210.0,440081,VND
2009-11-23,17159.0,17337.0,16088.0,16317.0,1199597,VND
2009-11-24,16317.0,16419.0,15196.0,15553.0,817035,VND
2009-11-25,15068.0,15119.0,14533.0,14533.0,258839,VND
2009-11-26,13589.0,13640.0,13589.0,13589.0,257392,VND
2009-11-27,12646.0,13768.0,12646.0,12646.0,901868,VND
2009-11-30,12875.0,13232.0,12620.0,12901.0,422717,VND
2009-12-01,12748.0,13742.0,12748.0,13742.0,421089,VND
2009-12-02,13768.0,13768.0,12722.0,12722.0,287418,VND
2009-12-03,12366.0,13003.0,12238.0,12748.0,390158,VND
2009-12-04,12544.0,13003.0,12366.0,12519.0,243284,VND
2009-12-07,12773.0,12773.0,12442.0,12620.0,319615,VND
2009-12-08,12595.0,12595.0,11728.0,11856.0,350184,VND
2009-12-09,11142.0,11218.0,11116.0,11116.0,337703,VND
2009-12-10,10479.0,11116.0,10351.0,10351.0,331553,VND
2009-12-11,9841.0,9943.0,9765.0,9765.0,112507,VND
2009-12-14,9128.0,10453.0,9128.0,10453.0,343672,VND
2009-12-15,10300.0,10326.0,9841.0,9892.0,311114,VND
2009-12-16,10071.0,10071.0,9383.0,9383.0,210725,VND
2009-12-17,8924.0,9179.0,8771.0,8796.0,369719,VND
2009-12-18,9179.0,9433.0,9051.0,9433.0,329202,VND
2009-12-21,10020.0,10020.0,9969.0,10020.0,142714,VND
2009-12-22,10683.0,10708.0,10198.0,10555.0,783211,VND
2009-12-23,10453.0,11397.0,10096.0,11397.0,659127,VND
2009-12-24,11346.0,11779.0,11014.0,11779.0,438091,VND
2009-12-25,12238.0,12340.0,12111.0,12340.0,105091,VND
2009-12-28,13181.0,13181.0,12493.0,13181.0,892643,VND
2009-12-29,13258.0,13972.0,12799.0,13054.0,598351,VND
2009-12-30,13334.0,14252.0,13003.0,14227.0,650445,VND
2009-12-31,14533.0,14941.0,14405.0,14941.0,506464,VND
2010-01-04,15043.0,15884.0,15043.0,15884.0,245273,VND
2010-01-05,16929.0,16929.0,16190.0,16572.0,895175,VND
2010-01-06,16445.0,17337.0,15833.0,15960.0,785381,VND
2010-01-07,16062.0,16317.0,15374.0,15476.0,782125,VND
2010-01-08,16062.0,16853.0,14915.0,16062.0,712848,VND
2010-01-11,16190.0,16190.0,15247.0,15425.0,239847,VND
2010-01-12,15680.0,15680.0,14482.0,14482.0,452200,VND
2010-01-13,13793.0,15705.0,13793.0,15705.0,884865,VND
2010-01-14,16139.0,16139.0,15960.0,16139.0,534501,VND
2010-01-15,17082.0,17082.0,15680.0,15756.0,262819,VND
2010-01-18,15807.0,15858.0,14915.0,14915.0,294292,VND
2010-01-19,14788.0,15272.0,14533.0,14992.0,327936,VND
2010-01-20,15221.0,15221.0,13895.0,14023.0,238581,VND
2010-01-21,13768.0,14099.0,13334.0,13334.0,346385,VND
2010-01-22,12748.0,14023.0,12697.0,13436.0,304421,VND
2010-01-25,13258.0,13615.0,12748.0,13334.0,164420,VND
2010-01-26,13640.0,14176.0,13640.0,14176.0,156823,VND
2010-01-27,15094.0,15094.0,13768.0,14150.0,389797,VND
2010-01-28,14278.0,14278.0,13411.0,13513.0,247263,VND
2010-01-29,13003.0,13717.0,13003.0,13513.0,201862,VND
2010-02-01,13768.0,14125.0,13513.0,13895.0,133309,VND
2010-02-02,13921.0,14023.0,13564.0,13717.0,128787,VND
2010-02-03,13513.0,14074.0,13513.0,13946.0,204937,VND
2010-02-04,13895.0,14711.0,13895.0,14456.0,245635,VND
2010-02-05,14303.0,14405.0,13717.0,13895.0,228452,VND
2010-02-08,14074.0,14074.0,13666.0,13691.0,117210,VND
2010-02-09,13768.0,13768.0,13258.0,13309.0,124445,VND
2010-02-10,13513.0,13793.0,13487.0,13513.0,68554,VND
2010-02-11,13589.0,13972.0,13258.0,13895.0,152482,VND
2010-02-12,13972.0,14074.0,13819.0,13997.0,125169,VND
2010-02-22,14150.0,14533.0,13972.0,14023.0,78864,VND
2010-02-23,13768.0,13768.0,13411.0,13462.0,86822,VND
2010-02-24,13385.0,13742.0,13258.0,13691.0,117391,VND
2010-02-25,13462.0,14074.0,13462.0,13589.0,103825,VND
2010-02-26,13793.0,13793.0,13513.0,13717.0,70001,VND
2010-03-01,13870.0,14278.0,13768.0,14278.0,331010,VND
2010-03-02,14533.0,14813.0,14150.0,14533.0,477704,VND
2010-03-03,14533.0,15553.0,14533.0,15553.0,463053,VND
2010-03-04,15553.0,16088.0,15221.0,15425.0,299176,VND
2010-03-05,15451.0,15884.0,15425.0,15705.0,391786,VND
2010-03-08,15680.0,16547.0,15553.0,15553.0,447497,VND
2010-03-09,15807.0,16062.0,15553.0,15578.0,323233,VND
2010-03-10,15323.0,15807.0,15170.0,15629.0,325403,VND
2010-03-11,15553.0,16011.0,15451.0,15680.0,397393,VND
2010-03-12,15553.0,15807.0,15043.0,15782.0,272044,VND
2010-03-15,15909.0,16062.0,15425.0,15553.0,305687,VND
2010-03-16,15349.0,15655.0,14660.0,14992.0,438634,VND
2010-03-17,14329.0,15068.0,14329.0,14660.0,460340,VND
2010-03-18,14660.0,14966.0,14329.0,14915.0,276385,VND
2010-03-19,14915.0,14966.0,14660.0,14660.0,179614,VND
2010-03-22,14278.0,14992.0,14278.0,14431.0,77055,VND
2010-03-23,14533.0,14788.0,14278.0,14380.0,210725,VND
2010-03-24,14584.0,14762.0,14431.0,14558.0,389073,VND
2010-03-25,14660.0,14660.0,13768.0,13895.0,234601,VND
2010-03-26,13895.0,14150.0,13717.0,13997.0,284705,VND
2010-03-29,13870.0,14150.0,13870.0,14099.0,373156,VND
2010-03-30,14227.0,14278.0,13538.0,13870.0,198425,VND
2010-03-31,13819.0,14023.0,13462.0,13615.0,124626,VND
2010-04-01,13462.0,14150.0,13385.0,13895.0,218684,VND
2010-04-02,13997.0,13997.0,13385.0,13742.0,170570,VND
2010-04-05,14099.0,14482.0,14099.0,14405.0,221940,VND
2010-04-06,14533.0,14686.0,14329.0,14380.0,420365,VND
2010-04-07,14533.0,14915.0,14533.0,14737.0,415662,VND
2010-04-08,14839.0,15756.0,14737.0,15298.0,905486,VND
2010-04-09,15298.0,16062.0,15043.0,15170.0,350365,VND
2010-04-12,15298.0,15298.0,14533.0,14737.0,541374,VND
2010-04-13,14915.0,14915.0,14354.0,14482.0,383466,VND
2010-04-14,14533.0,14762.0,14431.0,14584.0,250157,VND
2010-04-15,14788.0,15094.0,14635.0,15094.0,510805,VND
2010-04-16,15298.0,15782.0,15298.0,15425.0,1324404,VND
2010-04-19,15374.0,15858.0,15170.0,15298.0,669437,VND
2010-04-20,15425.0,15680.0,15170.0,15476.0,499772,VND
2010-04-21,15553.0,16547.0,15553.0,16547.0,1354249,VND
2010-04-22,17388.0,17388.0,16266.0,16572.0,1586318,VND
2010-04-26,17337.0,17337.0,16011.0,16164.0,547343,VND
2010-04-27,16241.0,16776.0,16241.0,16445.0,482226,VND
2010-04-28,16470.0,16572.0,15680.0,16317.0,851764,VND
2010-04-29,16598.0,16955.0,16445.0,16751.0,938587,VND
2010-05-04,17286.0,17337.0,16572.0,16827.0,743055,VND
2010-05-05,17057.0,17057.0,16062.0,16266.0,346204,VND
2010-05-06,15298.0,16343.0,15196.0,16241.0,606853,VND
2010-05-07,16062.0,16062.0,15298.0,15323.0,736001,VND
2010-05-10,15782.0,15909.0,14660.0,15043.0,594191,VND
2010-05-11,15553.0,15807.0,14915.0,15119.0,494164,VND
2010-05-12,14813.0,14813.0,14176.0,14176.0,561633,VND
2010-05-13,14660.0,15017.0,14456.0,14660.0,554940,VND
2010-05-14,14864.0,14966.0,14609.0,14915.0,205299,VND
2010-05-17,14788.0,14864.0,14023.0,14023.0,414396,VND
2010-05-18,14405.0,14405.0,14201.0,14201.0,383104,VND
2010-05-19,14227.0,14227.0,13283.0,13360.0,473725,VND
2010-05-20,13258.0,14023.0,12595.0,13768.0,432846,VND
2010-05-21,13513.0,13513.0,12366.0,12366.0,707784,VND
2010-05-24,12620.0,13079.0,12442.0,12824.0,295015,VND
2010-05-25,12748.0,13130.0,12136.0,12620.0,196074,VND
2010-05-26,12748.0,13462.0,12748.0,13385.0,218322,VND
2010-05-27,13258.0,13589.0,13003.0,13436.0,272224,VND
2010-05-28,13768.0,14303.0,13768.0,14303.0,531787,VND
2010-05-31,14278.0,14278.0,13640.0,13972.0,226824,VND
2010-06-01,13768.0,14023.0,13513.0,13921.0,156461,VND
2010-06-02,13640.0,13895.0,13513.0,13844.0,192275,VND
2010-06-03,14150.0,14278.0,13768.0,14023.0,221759,VND
2010-06-04,13691.0,14329.0,13691.0,14074.0,168399,VND
2010-06-07,13768.0,13768.0,13079.0,13207.0,241475,VND
2010-06-08,13003.0,13462.0,13003.0,13462.0,312380,VND
2010-06-09,13717.0,13717.0,13258.0,13309.0,110156,VND
2010-06-10,13360.0,13513.0,13360.0,13487.0,119019,VND
2010-06-11,13564.0,13870.0,13513.0,13513.0,209097,VND
2010-06-14,13768.0,13844.0,13640.0,13691.0,256669,VND
2010-06-15,13768.0,14099.0,13691.0,13793.0,310571,VND
2010-06-16,14278.0,14890.0,14278.0,14890.0,809981,VND
2010-06-17,15247.0,15247.0,14737.0,14737.0,454732,VND
2010-06-18,14915.0,14941.0,14558.0,14686.0,257935,VND
2010-06-21,14788.0,14992.0,14788.0,14941.0,201139,VND
2010-06-22,14941.0,14941.0,14023.0,14176.0,277651,VND
2010-06-23,13895.0,14329.0,13870.0,14150.0,207289,VND
2010-06-24,14023.0,14354.0,13921.0,14150.0,239485,VND
2010-06-25,13844.0,13870.0,13640.0,13768.0,354706,VND
2010-06-28,13895.0,13895.0,13640.0,13768.0,165686,VND
2010-06-29,13768.0,13921.0,13640.0,13844.0,226281,VND
2010-06-30,13513.0,13717.0,13258.0,13564.0,465947,VND
2010-07-01,13589.0,13717.0,13385.0,13691.0,465223,VND
2010-07-02,13717.0,13793.0,13589.0,13768.0,209097,VND
2010-07-05,13768.0,13819.0,13742.0,13768.0,102559,VND
2010-07-06,13926.0,13926.0,13715.0,13715.0,291760,VND
2010-07-07,13768.0,13847.0,13504.0,13610.0,182689,VND
2010-07-08,13979.0,13979.0,13583.0,13583.0,192637,VND
2010-07-09,13715.0,13715.0,13610.0,13662.0,111422,VND
2010-07-12,13662.0,13900.0,13662.0,13873.0,234963,VND
2010-07-13,14032.0,14374.0,13979.0,14348.0,321786,VND
2010-07-14,14401.0,14612.0,13979.0,14137.0,112146,VND
2010-07-15,13979.0,14111.0,13900.0,13952.0,135841,VND
2010-07-16,14163.0,14163.0,13821.0,13979.0,272044,VND
2010-07-19,13926.0,13979.0,13847.0,13847.0,126435,VND
2010-07-20,14058.0,14058.0,13715.0,13768.0,60595,VND
2010-07-21,14243.0,14243.0,13715.0,13847.0,198425,VND
2010-07-22,13847.0,13979.0,13610.0,13715.0,230441,VND
2010-07-23,13979.0,14243.0,13530.0,13610.0,307134,VND
2010-07-26,13715.0,13821.0,13346.0,13346.0,275480,VND
2010-07-27,13346.0,13715.0,13319.0,13451.0,628016,VND
2010-07-28,14440.0,14440.0,13844.0,14227.0,476448,VND
2010-07-29,14312.0,14568.0,13588.0,13971.0,135072,VND
2010-07-30,13631.0,14397.0,13631.0,13886.0,73360,VND
2010-08-02,14142.0,14142.0,13375.0,13375.0,72240,VND
2010-08-03,13205.0,13588.0,12821.0,12949.0,87808,VND
2010-08-04,12949.0,12949.0,12353.0,12481.0,85904,VND
2010-08-05,12353.0,12779.0,12353.0,12523.0,100576,VND
2010-08-06,12779.0,12779.0,12566.0,12694.0,78512,VND
2010-08-09,12736.0,12779.0,12268.0,12438.0,231168,VND
2010-08-10,12566.0,12566.0,11714.0,12055.0,141904,VND
2010-08-11,12353.0,12651.0,11927.0,12268.0,151984,VND
2010-08-12,11927.0,11927.0,11330.0,11330.0,126112,VND
2010-08-13,11416.0,11714.0,10862.0,11543.0,180544,VND
2010-08-16,11543.0,12225.0,11543.0,12225.0,94752,VND
2010-08-17,12907.0,12907.0,11927.0,12438.0,100352,VND
2010-08-18,12268.0,12268.0,11756.0,11799.0,43792,VND
2010-08-19,12012.0,12140.0,11629.0,11842.0,47824,VND
2010-08-20,11927.0,11969.0,11543.0,11969.0,98560,VND
2010-08-23,11756.0,11756.0,11629.0,11671.0,40544,VND
2010-08-24,11501.0,11586.0,10905.0,10990.0,181440,VND
2010-08-25,10649.0,10649.0,10223.0,10223.0,191744,VND
2010-08-26,10223.0,10819.0,9541.0,10266.0,71008,VND
2010-08-27,10564.0,10564.0,9925.0,10010.0,50288,VND
2010-08-30,10436.0,10947.0,10436.0,10947.0,67312,VND
2010-08-31,10905.0,11629.0,10905.0,11629.0,166992,VND
2010-09-01,11756.0,12268.0,11501.0,12268.0,226128,VND
2010-09-06,12268.0,12949.0,12268.0,12949.0,206528,VND
2010-09-07,13205.0,13290.0,12438.0,12651.0,156912,VND
2010-09-08,12353.0,12566.0,11969.0,12012.0,161728,VND
2010-09-09,12523.0,12566.0,12097.0,12523.0,136528,VND
2010-09-10,12481.0,12481.0,11543.0,11671.0,147616,VND
2010-09-13,11884.0,12012.0,11203.0,11330.0,82320,VND
2010-09-14,11501.0,11884.0,11501.0,11842.0,45024,VND
2010-09-15,11373.0,11501.0,11075.0,11501.0,39872,VND
2010-09-16,11799.0,11927.0,11586.0,11884.0,68768,VND
2010-09-17,12182.0,12566.0,11969.0,12566.0,216944,VND
2010-09-20,12992.0,13205.0,12140.0,12353.0,98448,VND
2010-09-21,12438.0,12481.0,11927.0,12012.0,49280,VND
2010-09-22,12353.0,12353.0,12140.0,12182.0,45920,VND
2010-09-23,11714.0,12310.0,11714.0,11842.0,82544,VND
2010-09-24,12140.0,12140.0,11842.0,11884.0,25200,VND
2010-09-27,12012.0,12012.0,11842.0,12012.0,17136,VND
2010-09-28,12268.0,12353.0,11927.0,11969.0,27776,VND
2010-09-29,12012.0,12012.0,11586.0,11714.0,48832,VND
2010-09-30,11799.0,11799.0,11501.0,11714.0,34160,VND
2010-10-01,11799.0,11884.0,11501.0,11586.0,41888,VND
2010-10-04,11630.0,11630.0,10923.0,10923.0,72240,VND
2010-10-05,11055.0,11498.0,11055.0,11365.0,54096,VND
2010-10-06,11763.0,11807.0,11498.0,11807.0,24864,VND
2010-10-07,11807.0,11807.0,11055.0,11188.0,29456,VND
2010-10-08,11984.0,11984.0,10790.0,10834.0,87920,VND
2010-10-11,11409.0,11409.0,10834.0,10879.0,6272,VND
2010-10-12,10879.0,10923.0,10790.0,10834.0,20496,VND
2010-10-13,11011.0,11055.0,10834.0,10923.0,15008,VND
2010-10-14,11277.0,11277.0,10879.0,10879.0,19376,VND
2010-10-15,10879.0,10879.0,10746.0,10746.0,11648,VND
2010-10-18,11277.0,11277.0,10613.0,10613.0,28784,VND
2010-10-19,11011.0,11011.0,10038.0,10171.0,31696,VND
2010-10-20,9861.0,9861.0,9463.0,9463.0,184576,VND
2010-10-21,8844.0,9950.0,8844.0,9287.0,84896,VND
2010-10-22,9287.0,9419.0,8712.0,8977.0,107072,VND
2010-10-25,9065.0,9463.0,8844.0,9154.0,104944,VND
2010-10-26,9065.0,9596.0,9065.0,9596.0,93520,VND
2010-10-27,10083.0,10083.0,9287.0,9331.0,58912,VND
2010-10-28,9065.0,9463.0,9065.0,9287.0,41552,VND
2010-10-29,9287.0,9508.0,9242.0,9287.0,61600,VND
2010-11-01,9198.0,9287.0,9065.0,9154.0,22176,VND
2010-11-02,9154.0,9154.0,8977.0,9021.0,35392,VND
2010-11-03,9021.0,9021.0,8800.0,8844.0,32144,VND
2010-11-04,9021.0,9154.0,8844.0,8844.0,86352,VND
2010-11-05,9242.0,9596.0,9242.0,9596.0,110432,VND
2010-11-08,9729.0,9817.0,9375.0,9419.0,96432,VND
2010-11-09,9419.0,9419.0,8933.0,8933.0,70112,VND
2010-11-10,8844.0,9065.0,8844.0,8933.0,29904,VND
2010-11-11,9419.0,9419.0,8844.0,8844.0,76832,VND
2010-11-12,9065.0,9065.0,8314.0,8756.0,124992,VND
2010-11-15,9021.0,9021.0,8269.0,8269.0,40880,VND
2010-11-16,8623.0,8623.0,7827.0,7960.0,68880,VND
2010-11-17,7650.0,8181.0,7650.0,7916.0,37520,VND
2010-11-18,8137.0,8491.0,8137.0,8491.0,62832,VND
2010-11-19,8977.0,8977.0,8269.0,8269.0,29456,VND
2010-11-22,8181.0,8181.0,7960.0,8137.0,49952,VND
2010-11-23,8314.0,8358.0,8048.0,8137.0,35616,VND
2010-11-24,8137.0,8314.0,8048.0,8181.0,45136,VND
2010-11-25,8358.0,8800.0,8358.0,8800.0,110096,VND
2010-11-26,9065.0,9331.0,8623.0,9242.0,74704,VND
2010-11-29,8933.0,9773.0,8933.0,9773.0,84672,VND
2010-11-30,9994.0,10083.0,9994.0,10083.0,180656,VND
2010-12-01,10171.0,10304.0,9463.0,9508.0,84784,VND
2010-12-02,9729.0,10392.0,9287.0,10392.0,284816,VND
2010-12-03,10923.0,10923.0,10834.0,10923.0,216048,VND
2010-12-06,11498.0,11675.0,11498.0,11630.0,259392,VND
2010-12-07,11498.0,12382.0,11055.0,11277.0,196000,VND
2010-12-08,11453.0,11586.0,10790.0,10790.0,124992,VND
2010-12-09,10879.0,11277.0,10171.0,11055.0,181216,VND
2010-12-10,11498.0,11498.0,10834.0,11498.0,151312,VND
2010-12-13,12028.0,12028.0,11940.0,12028.0,314048,VND
2010-12-14,11940.0,12028.0,11188.0,11453.0,142576,VND
2010-12-15,11365.0,11498.0,10746.0,10923.0,135520,VND
2010-12-16,10657.0,10657.0,10392.0,10392.0,149856,VND
2010-12-17,10879.0,11011.0,10215.0,10657.0,128128,VND
2010-12-20,10702.0,10746.0,10171.0,10171.0,91840,VND
2010-12-21,10038.0,10436.0,9729.0,9817.0,200592,VND
2010-12-22,9729.0,10171.0,9685.0,9729.0,143248,VND
2010-12-23,9640.0,9773.0,9198.0,9508.0,180544,VND
2010-12-24,9287.0,9552.0,9110.0,9287.0,90048,VND
2010-12-27,9596.0,9596.0,9110.0,9463.0,90272,VND
2010-12-28,9463.0,9994.0,9287.0,9994.0,320992,VND
2010-12-29,10348.0,10392.0,9906.0,10083.0,246960,VND
2010-12-30,9729.0,10038.0,9729.0,9817.0,99792,VND
2010-12-31,9552.0,9994.0,9552.0,9994.0,136528,VND
2011-01-04,10171.0,10171.0,9729.0,9729.0,159824,VND
2011-01-05,9906.0,9906.0,9552.0,9596.0,68432,VND
2011-01-06,9463.0,9685.0,9287.0,9596.0,44800,VND
2011-01-07,9419.0,9596.0,9375.0,9419.0,91392,VND
2011-01-10,9287.0,9287.0,8977.0,9065.0,183120,VND
2011-01-11,8844.0,8977.0,8712.0,8756.0,144592,VND
2011-01-12,9021.0,9154.0,8844.0,9065.0,78624,VND
2011-01-13,8977.0,9198.0,8889.0,9110.0,59584,VND
2011-01-14,9198.0,9198.0,8933.0,9065.0,58576,VND
2011-01-17,9242.0,9463.0,9154.0,9331.0,79520,VND
2011-01-18,9375.0,9419.0,8933.0,8933.0,70224,VND
2011-01-19,9198.0,9198.0,8889.0,8977.0,101696,VND
2011-01-20,8977.0,9287.0,8933.0,8933.0,118048,VND
2011-01-21,9242.0,9331.0,8933.0,9065.0,95984,VND
2011-01-24,8977.0,9065.0,8623.0,8623.0,119840,VND
2011-01-25,8800.0,8800.0,8446.0,8623.0,50624,VND
2011-01-26,8933.0,9021.0,8756.0,8756.0,87696,VND
2011-01-27,9065.0,9154.0,8844.0,8977.0,98672,VND
2011-01-28,8977.0,9154.0,8977.0,8977.0,89376,VND
2011-02-08,9021.0,9065.0,8933.0,9021.0,12432,VND
2011-02-09,9198.0,9375.0,8889.0,8889.0,64960,VND
2011-02-10,8933.0,9110.0,8844.0,8844.0,51856,VND
2011-02-11,9021.0,9021.0,8844.0,9021.0,87472,VND
2011-02-14,8844.0,8889.0,8756.0,8844.0,61152,VND
2011-02-15,9021.0,9021.0,8712.0,8844.0,29792,VND
2011-02-16,8933.0,8933.0,8623.0,8712.0,50400,VND
2011-02-17,8667.0,8667.0,8314.0,8358.0,120176,VND
2011-02-18,8358.0,8358.0,8004.0,8137.0,81648,VND
2011-02-21,8004.0,8004.0,7650.0,7650.0,155792,VND
2011-02-22,7120.0,7606.0,7120.0,7518.0,141456,VND
2011-02-23,7518.0,7827.0,7518.0,7783.0,113792,VND
2011-02-24,7827.0,7827.0,7297.0,7695.0,137312,VND
2011-02-25,7429.0,7827.0,7429.0,7827.0,147504,VND
2011-02-28,7871.0,7916.0,7562.0,7606.0,98784,VND
2011-03-01,7518.0,7695.0,7429.0,7518.0,39760,VND
2011-03-02,7473.0,7473.0,7031.0,7031.0,206864,VND
2011-03-03,6589.0,7075.0,6589.0,6677.0,64064,VND
2011-03-04,6899.0,6899.0,6766.0,6899.0,92288,VND
2011-03-07,6810.0,6943.0,6810.0,6899.0,44128,VND
2011-03-08,6854.0,6943.0,6766.0,6766.0,52752,VND
2011-03-09,6722.0,6766.0,6412.0,6545.0,51408,VND
2011-03-10,6766.0,7031.0,6766.0,7031.0,107968,VND
2011-03-11,7473.0,7518.0,7297.0,7518.0,105728,VND
2011-03-14,7650.0,7650.0,7031.0,7031.0,168000,VND
2011-03-15,6899.0,7120.0,6810.0,6810.0,67536,VND
2011-03-16,6943.0,7164.0,6633.0,7031.0,66864,VND
2011-03-17,6987.0,7297.0,6633.0,7208.0,151648,VND
2011-03-18,7075.0,7606.0,7075.0,7606.0,377104,VND
2011-03-21,7739.0,7916.0,7473.0,7518.0,259616,VND
2011-03-22,7341.0,7518.0,7252.0,7341.0,79072,VND
2011-03-23,7208.0,7606.0,7208.0,7606.0,88592,VND
2011-03-24,7606.0,7606.0,7297.0,7385.0,113792,VND
2011-03-25,7341.0,7341.0,7075.0,7120.0,180992,VND
2011-03-28,7252.0,7297.0,7164.0,7208.0,67424,VND
2011-03-29,7164.0,7164.0,6810.0,7075.0,122752,VND
2011-03-30,6899.0,7031.0,6722.0,6987.0,68544,VND
2011-03-31,7075.0,7075.0,6899.0,6987.0,39200,VND
2011-04-01,6987.0,7031.0,6810.0,6987.0,44016,VND
2011-04-04,6633.0,6899.0,6633.0,6677.0,70672,VND
2011-04-05,6633.0,6810.0,6633.0,6766.0,35392,VND
2011-04-06,6722.0,6987.0,6722.0,6899.0,49728,VND
2011-04-07,6899.0,7031.0,6766.0,6766.0,68992,VND
2011-04-08,6810.0,6810.0,6677.0,6722.0,30912,VND
2011-04-13,6722.0,6722.0,6633.0,6722.0,18032,VND
2011-04-14,6722.0,6722.0,6589.0,6633.0,31696,VND
2011-04-15,6589.0,6677.0,6501.0,6545.0,77280,VND
2011-04-18,6545.0,6545.0,6147.0,6235.0,125664,VND
2011-04-19,6235.0,6368.0,6014.0,6103.0,84672,VND
2011-04-20,6235.0,6279.0,6103.0,6103.0,51072,VND
2011-04-21,6103.0,6103.0,5881.0,5970.0,53536,VND
2011-04-22,5881.0,5926.0,5749.0,5926.0,68656,VND
2011-04-25,6147.0,6191.0,5970.0,6191.0,99008,VND
2011-04-26,6191.0,6235.0,5926.0,6014.0,36288,VND
2011-04-27,6147.0,6147.0,5970.0,6014.0,60704,VND
2011-04-28,6014.0,6058.0,5926.0,5970.0,25312,VND
2011-04-29,5970.0,6014.0,5881.0,6014.0,58464,VND
2011-05-04,6014.0,6014.0,5837.0,5837.0,27888,VND
2011-05-05,5926.0,5926.0,5616.0,5616.0,63728,VND
2011-05-06,5705.0,5749.0,5616.0,5749.0,19488,VND
2011-05-09,5881.0,5970.0,5749.0,5926.0,65632,VND
2011-05-10,5881.0,6058.0,5837.0,5837.0,46592,VND
2011-05-11,5749.0,5749.0,5616.0,5660.0,32816,VND
2011-05-12,5483.0,5616.0,5483.0,5572.0,63840,VND
2011-05-13,5572.0,5660.0,5218.0,5528.0,39648,VND
2011-05-16,5395.0,5395.0,5174.0,5174.0,62720,VND
2011-05-17,5262.0,5262.0,4953.0,5085.0,82208,VND
2011-05-18,4732.0,4864.0,4732.0,4820.0,33264,VND
2011-05-19,4820.0,4820.0,4687.0,4687.0,60032,VND
2011-05-20,4643.0,4820.0,4511.0,4643.0,54768,VND
2011-05-23,4555.0,4643.0,4334.0,4378.0,195888,VND
2011-05-24,4113.0,4245.0,4113.0,4113.0,159936,VND
2011-05-25,4201.0,4201.0,3892.0,3892.0,130368,VND
2011-05-26,3626.0,4157.0,3626.0,4113.0,331408,VND
2011-05-27,3892.0,4113.0,3892.0,4113.0,74032,VND
2011-05-30,4201.0,4378.0,4113.0,4201.0,127232,VND
2011-05-31,4157.0,4201.0,3936.0,4201.0,89152,VND
2011-06-01,3980.0,4378.0,3980.0,4378.0,93520,VND
2011-06-02,4422.0,4599.0,4422.0,4599.0,73920,VND
2011-06-03,4820.0,4864.0,4555.0,4687.0,409248,VND
2011-06-06,4687.0,4864.0,4466.0,4555.0,140672,VND
2011-06-07,4776.0,4864.0,4776.0,4864.0,139776,VND
2011-06-08,5174.0,5174.0,4776.0,4864.0,145152,VND
2011-06-09,4864.0,5218.0,4732.0,5218.0,281120,VND
2011-06-10,5395.0,5439.0,5307.0,5439.0,244608,VND
2011-06-13,5705.0,5793.0,5528.0,5793.0,239456,VND
2011-06-14,5881.0,6147.0,5572.0,5749.0,458640,VND
2011-06-15,5705.0,5837.0,5572.0,5572.0,181104,VND
2011-06-16,5351.0,5660.0,5218.0,5439.0,176624,VND
2011-06-17,5351.0,5483.0,5130.0,5174.0,211008,VND
2011-06-20,5174.0,5307.0,4820.0,4864.0,125104,VND
2011-06-21,5130.0,5218.0,4909.0,5218.0,88368,VND
2011-06-22,5307.0,5351.0,5130.0,5130.0,82432,VND
2011-06-23,5218.0,5307.0,4953.0,4997.0,72688,VND
2011-06-24,4909.0,5130.0,4909.0,5085.0,44352,VND
2011-06-27,5174.0,5174.0,5041.0,5041.0,36288,VND
2011-06-28,5085.0,5174.0,4776.0,4864.0,166656,VND
2011-06-29,4864.0,4953.0,4687.0,4776.0,53984,VND
2011-06-30,4953.0,4953.0,4687.0,4687.0,40208,VND
2011-07-01,4732.0,4732.0,4466.0,4555.0,133056,VND
2011-07-04,4511.0,4599.0,4422.0,4599.0,52864,VND
2011-07-05,4820.0,4820.0,4643.0,4820.0,143136,VND
2011-07-06,4909.0,4909.0,4643.0,4687.0,33040,VND
2011-07-07,4732.0,4732.0,4599.0,4599.0,12544,VND
2011-07-08,4643.0,4643.0,4511.0,4555.0,19152,VND
2011-07-11,4555.0,4555.0,4289.0,4378.0,47936,VND
2011-07-12,4422.0,4511.0,4289.0,4511.0,46368,VND
2011-07-13,4555.0,4555.0,4422.0,4466.0,44128,VND
2011-07-14,4422.0,4511.0,4334.0,4466.0,33600,VND
2011-07-15,4245.0,4687.0,4245.0,4378.0,37072,VND
2011-07-18,4334.0,4466.0,4334.0,4422.0,16464,VND
2011-07-19,4378.0,4378.0,4245.0,4334.0,41104,VND
2011-07-20,4378.0,4466.0,4334.0,4422.0,37632,VND
2011-07-21,4422.0,4422.0,4334.0,4334.0,26432,VND
2011-07-22,4334.0,4334.0,4289.0,4334.0,22848,VND
2011-07-25,4289.0,4422.0,4201.0,4245.0,28000,VND
2011-07-26,4289.0,4334.0,4068.0,4201.0,37072,VND
2011-07-27,4157.0,4201.0,4068.0,4157.0,33376,VND
2011-07-28,4157.0,4245.0,4157.0,4245.0,43792,VND
2011-07-29,4157.0,4201.0,4113.0,4113.0,47824,VND
2011-08-01,4068.0,4068.0,3980.0,3980.0,31472,VND
2011-08-02,4024.0,4024.0,3847.0,3847.0,37408,VND
2011-08-03,3847.0,3936.0,3803.0,3936.0,24304,VND
2011-08-04,3892.0,4068.0,3892.0,4068.0,51856,VND
2011-08-05,3847.0,4068.0,3847.0,3980.0,21728,VND
2011-08-08,3936.0,3980.0,3892.0,3892.0,21840,VND
2011-08-09,3759.0,3803.0,3715.0,3759.0,153440,VND
2011-08-10,3670.0,3892.0,3670.0,3892.0,36288,VND
2011-08-11,3847.0,3847.0,3715.0,3803.0,24752,VND
2011-08-12,3980.0,3980.0,3803.0,3847.0,28448,VND
2011-08-15,3980.0,3980.0,3803.0,3803.0,3136,VND
2011-08-16,3936.0,4068.0,3892.0,3936.0,36624,VND
2011-08-17,4024.0,4201.0,3980.0,4201.0,95536,VND
2011-08-18,4334.0,4378.0,4245.0,4289.0,71344,VND
2011-08-19,4245.0,4289.0,4113.0,4157.0,42112,VND
2011-08-22,4201.0,4466.0,4201.0,4466.0,105392,VND
2011-08-23,4422.0,4466.0,4245.0,4289.0,65856,VND
2011-08-24,4466.0,4466.0,4201.0,4245.0,43568,VND
2011-08-25,4422.0,4422.0,4201.0,4289.0,38528,VND
2011-08-26,4245.0,4422.0,4245.0,4245.0,19712,VND
2011-08-29,4422.0,4599.0,4378.0,4599.0,126224,VND
2011-08-30,4820.0,4864.0,4776.0,4776.0,178640,VND
2011-08-31,5085.0,5085.0,4687.0,4864.0,137200,VND
2011-09-01,4953.0,5041.0,4820.0,4997.0,96992,VND
2011-09-05,4864.0,5085.0,4776.0,4820.0,105504,VND
2011-09-06,4687.0,4732.0,4599.0,4643.0,135184,VND
2011-09-07,4864.0,4953.0,4776.0,4953.0,118496,VND
2011-09-08,5218.0,5218.0,4909.0,4997.0,180432,VND
2011-09-09,5085.0,5307.0,4864.0,5218.0,192976,VND
2011-09-12,5130.0,5483.0,5130.0,5483.0,372512,VND
2011-09-13,5837.0,5837.0,5837.0,5837.0,109872,VND
2011-09-14,6235.0,6235.0,5837.0,5837.0,1032304,VND
2011-09-15,5837.0,5926.0,5749.0,5749.0,341040,VND
2011-09-16,5705.0,5749.0,5395.0,5395.0,295232,VND
2011-09-19,5262.0,5660.0,5262.0,5660.0,176960,VND
2011-09-20,5572.0,5749.0,5439.0,5439.0,124320,VND
2011-09-21,5439.0,5660.0,5262.0,5439.0,152096,VND
2011-09-22,5262.0,5616.0,5262.0,5572.0,135520,VND
2011-09-23,5351.0,5483.0,5174.0,5395.0,110096,VND
2011-09-26,5528.0,5528.0,5262.0,5262.0,145712,VND
2011-09-27,5351.0,5395.0,5218.0,5218.0,129920,VND
2011-09-28,5262.0,5439.0,5218.0,5218.0,113680,VND
2011-09-29,5218.0,5218.0,4997.0,4997.0,103600,VND
2011-09-30,4953.0,4953.0,4820.0,4909.0,120624,VND
2011-10-03,4820.0,4820.0,4643.0,4643.0,90720,VND
2011-10-04,4643.0,4687.0,4511.0,4643.0,74928,VND
2011-10-05,4820.0,4820.0,4378.0,4466.0,136640,VND
2011-10-06,4599.0,4864.0,4599.0,4864.0,151536,VND
2011-10-07,4864.0,4909.0,4643.0,4732.0,63056,VND
2011-10-10,4776.0,4776.0,4732.0,4776.0,44576,VND
2011-10-11,4820.0,4820.0,4732.0,4732.0,32144,VND
2011-10-12,4732.0,4732.0,4466.0,4511.0,158704,VND
2011-10-13,4643.0,4643.0,4378.0,4511.0,67648,VND
2011-10-14,4511.0,4555.0,4511.0,4555.0,22176,VND
2011-10-17,4599.0,4599.0,4422.0,4511.0,15120,VND
2011-10-18,4599.0,4599.0,4378.0,4378.0,35056,VND
2011-10-19,4599.0,4599.0,4378.0,4422.0,38640,VND
2011-10-20,4511.0,4511.0,4422.0,4466.0,29904,VND
2011-10-21,4555.0,4732.0,4511.0,4732.0,84112,VND
2011-10-24,4820.0,4820.0,4555.0,4555.0,30352,VND
2011-10-25,4334.0,4599.0,4334.0,4422.0,36736,VND
2011-10-26,4466.0,4466.0,4378.0,4422.0,59472,VND
2011-10-27,4422.0,4511.0,4422.0,4422.0,39200,VND
2011-10-28,4511.0,4732.0,4466.0,4732.0,152320,VND
2011-10-31,4953.0,4953.0,4687.0,4776.0,92176,VND
2011-11-01,4776.0,4820.0,4555.0,4555.0,117264,VND
2011-11-02,4422.0,4466.0,4378.0,4422.0,34832,VND
2011-11-03,4422.0,4422.0,4334.0,4422.0,107408,VND
2011-11-04,4422.0,4422.0,4334.0,4334.0,32704,VND
2011-11-07,4245.0,4289.0,4201.0,4245.0,37184,VND
2011-11-08,4245.0,4289.0,4113.0,4289.0,33936,VND
2011-11-09,4289.0,4289.0,4113.0,4113.0,45696,VND
2011-11-10,4113.0,4113.0,3980.0,3980.0,62160,VND
2011-11-11,4068.0,4113.0,3936.0,3980.0,37856,VND
2011-11-14,3759.0,3892.0,3759.0,3803.0,98672,VND
2011-11-15,3538.0,3847.0,3538.0,3847.0,52304,VND
2011-11-16,3847.0,4068.0,3847.0,4068.0,45136,VND
2011-11-17,3980.0,3980.0,3847.0,3847.0,33264,VND
2011-11-18,3847.0,3847.0,3715.0,3847.0,20832,VND
2011-11-21,3715.0,3803.0,3670.0,3715.0,26096,VND
2011-11-22,3759.0,3803.0,3670.0,3759.0,13216,VND
2011-11-23,3892.0,3936.0,3803.0,3936.0,40880,VND
2011-11-24,3847.0,3892.0,3715.0,3759.0,21392,VND
2011-11-25,3803.0,3847.0,3626.0,3803.0,45696,VND
2011-11-28,3892.0,4068.0,3892.0,3936.0,34832,VND
2011-11-29,3892.0,3980.0,3892.0,3892.0,11312,VND
2011-11-30,4079.0,4126.0,3845.0,3938.0,13888,VND
2011-12-01,4032.0,4032.0,3938.0,4032.0,3472,VND
2011-12-02,3985.0,4079.0,3938.0,4079.0,14560,VND
2011-12-05,4079.0,4313.0,3985.0,4313.0,95648,VND
2011-12-06,4501.0,4501.0,4220.0,4267.0,46480,VND
2011-12-07,4126.0,4267.0,4126.0,4126.0,13552,VND
2011-12-08,4360.0,4360.0,4032.0,4126.0,10640,VND
2011-12-09,4079.0,4079.0,3798.0,3798.0,39648,VND
2011-12-12,3798.0,3938.0,3657.0,3657.0,42224,VND
2011-12-13,3563.0,3704.0,3563.0,3610.0,37744,VND
2011-12-14,3516.0,3563.0,3423.0,3470.0,31584,VND
2011-12-15,3376.0,3376.0,3282.0,3282.0,55552,VND
2011-12-16,3094.0,3470.0,3094.0,3423.0,76048,VND
2011-12-19,3235.0,3470.0,3235.0,3282.0,19152,VND
2011-12-20,3235.0,3235.0,3141.0,3141.0,44128,VND
2011-12-21,3282.0,3282.0,3094.0,3188.0,26096,VND
2011-12-22,3001.0,3188.0,3001.0,3001.0,30576,VND
2011-12-23,2907.0,3094.0,2907.0,3001.0,49952,VND
2011-12-26,2766.0,2954.0,2766.0,2766.0,62272,VND
2011-12-27,2813.0,2813.0,2626.0,2672.0,87472,VND
2011-12-28,2532.0,2813.0,2532.0,2813.0,59920,VND
2011-12-29,2766.0,2766.0,2579.0,2672.0,68096,VND
2011-12-30,2813.0,2813.0,2672.0,2813.0,59136,VND
2012-01-03,2813.0,2907.0,2813.0,2813.0,31584,VND
2012-01-04,2672.0,2860.0,2672.0,2766.0,21056,VND
2012-01-05,2719.0,2766.0,2672.0,2719.0,21840,VND
2012-01-06,2719.0,2719.0,2672.0,2719.0,19712,VND
2012-01-09,2719.0,2813.0,2672.0,2766.0,44128,VND
2012-01-10,2719.0,2907.0,2719.0,2860.0,37184,VND
2012-01-11,2954.0,2954.0,2766.0,2860.0,38304,VND
2012-01-12,2860.0,2860.0,2766.0,2766.0,5152,VND
2012-01-13,2813.0,2813.0,2813.0,2813.0,36624,VND
2012-01-16,2860.0,3001.0,2860.0,3001.0,27664,VND
2012-01-17,3001.0,3048.0,2954.0,3001.0,22400,VND
2012-01-18,3141.0,3188.0,3094.0,3188.0,60480,VND
2012-01-19,3282.0,3376.0,3282.0,3376.0,41664,VND
2012-01-20,3423.0,3516.0,3376.0,3376.0,29792,VND
2012-01-30,3423.0,3610.0,3282.0,3423.0,33936,VND
2012-01-31,3610.0,3657.0,3423.0,3516.0,81760,VND
2012-02-01,3423.0,3470.0,3329.0,3470.0,58464,VND
2012-02-02,3516.0,3657.0,3470.0,3657.0,119392,VND
2012-02-03,3798.0,3798.0,3470.0,3470.0,124320,VND
2012-02-06,3423.0,3423.0,3329.0,3423.0,69216,VND
2012-02-07,3563.0,3563.0,3376.0,3470.0,28560,VND
2012-02-08,3563.0,3657.0,3470.0,3610.0,88816,VND
2012-02-09,3610.0,3704.0,3470.0,3470.0,61824,VND
2012-02-10,3516.0,3516.0,3329.0,3329.0,99008,VND
2012-02-13,3329.0,3329.0,3235.0,3235.0,48384,VND
2012-02-14,3282.0,3376.0,3282.0,3376.0,40992,VND
2012-02-15,3329.0,3329.0,3188.0,3235.0,38080,VND
2012-02-16,3235.0,3329.0,3235.0,3282.0,45472,VND
2012-02-17,3376.0,3423.0,3376.0,3423.0,65072,VND
2012-02-20,3516.0,3610.0,3516.0,3610.0,79184,VND
2012-02-21,3798.0,3798.0,3610.0,3704.0,174720,VND
2012-02-22,3704.0,3938.0,3704.0,3938.0,231728,VND
2012-02-23,3985.0,4126.0,3938.0,4126.0,154560,VND
2012-02-24,4267.0,4360.0,4173.0,4173.0,315056,VND
2012-02-27,4407.0,4595.0,4313.0,4595.0,290752,VND
2012-02-28,4501.0,4642.0,4220.0,4267.0,201600,VND
2012-02-29,4173.0,4360.0,4126.0,4360.0,211904,VND
2012-03-01,4220.0,4360.0,4126.0,4220.0,77728,VND
2012-03-02,4360.0,4454.0,4220.0,4360.0,85792,VND
2012-03-05,4642.0,4642.0,4642.0,4642.0,172816,VND
2012-03-06,4923.0,4923.0,4360.0,4501.0,273840,VND
2012-03-07,4501.0,4595.0,4313.0,4454.0,146272,VND
2012-03-08,4220.0,4454.0,4126.0,4126.0,190064,VND
2012-03-09,4126.0,4313.0,4079.0,4220.0,121184,VND
2012-03-12,4220.0,4220.0,3938.0,3985.0,86800,VND
2012-03-13,4126.0,4220.0,4032.0,4220.0,134736,VND
2012-03-14,4220.0,4220.0,3985.0,4079.0,45472,VND
2012-03-15,3985.0,4360.0,3985.0,4313.0,209888,VND
2012-03-16,4454.0,4501.0,4220.0,4220.0,243376,VND
2012-03-19,4220.0,4313.0,4126.0,4126.0,130368,VND
2012-03-20,4220.0,4313.0,4173.0,4313.0,144592,VND
2012-03-21,4454.0,4548.0,4267.0,4407.0,262752,VND
2012-03-22,4501.0,4501.0,4267.0,4313.0,100016,VND
2012-03-23,4407.0,4689.0,4407.0,4689.0,504112,VND
2012-03-26,4829.0,4923.0,4782.0,4923.0,343280,VND
2012-03-27,5111.0,5157.0,4595.0,4782.0,401632,VND
2012-03-28,4501.0,4829.0,4407.0,4595.0,191968,VND
2012-03-29,4735.0,4735.0,4360.0,4360.0,296800,VND
2012-03-30,4407.0,4454.0,4126.0,4313.0,273616,VND
2012-04-03,4220.0,4407.0,4079.0,4407.0,198576,VND
2012-04-04,4407.0,4407.0,4126.0,4126.0,141456,VND
2012-04-05,4173.0,4407.0,4079.0,4407.0,125552,VND
2012-04-06,4220.0,4548.0,4220.0,4360.0,147840,VND
2012-04-09,4360.0,4595.0,4360.0,4548.0,141120,VND
2012-04-10,4689.0,4689.0,4407.0,4501.0,137536,VND
2012-04-11,4595.0,4735.0,4595.0,4735.0,390320,VND
2012-04-12,5064.0,5064.0,4923.0,5064.0,651952,VND
2012-04-13,5392.0,5392.0,4829.0,4923.0,242480,VND
2012-04-16,4829.0,5157.0,4829.0,5157.0,216720,VND
2012-04-17,5064.0,5204.0,4970.0,5017.0,382816,VND
2012-04-18,4970.0,5157.0,4923.0,5017.0,383376,VND
2012-04-19,4970.0,5064.0,4689.0,4689.0,203728,VND
2012-04-20,4782.0,4970.0,4689.0,4829.0,177520,VND
2012-04-23,4829.0,4923.0,4689.0,4735.0,116704,VND
2012-04-24,4642.0,4923.0,4595.0,4923.0,137536,VND
2012-04-25,4970.0,5064.0,4923.0,4923.0,141792,VND
2012-04-26,4923.0,4923.0,4782.0,4829.0,94416,VND
2012-04-27,4782.0,4970.0,4782.0,4876.0,100688,VND
2012-05-02,5204.0,5251.0,5111.0,5251.0,778176,VND
2012-05-03,5251.0,5439.0,5064.0,5298.0,290304,VND
2012-05-04,5298.0,5532.0,5298.0,5532.0,755664,VND
2012-05-07,5720.0,5908.0,5626.0,5908.0,373968,VND
2012-05-08,6048.0,6095.0,5673.0,5767.0,468160,VND
2012-05-09,5814.0,5954.0,5579.0,5814.0,203952,VND
2012-05-10,5954.0,6048.0,5767.0,5861.0,415296,VND
2012-05-11,5954.0,5954.0,5532.0,5532.0,376992,VND
2012-05-14,5579.0,5579.0,5204.0,5204.0,356160,VND
2012-05-15,5064.0,5157.0,4876.0,4923.0,351680,VND
2012-05-16,4782.0,5064.0,4735.0,5064.0,202944,VND
2012-05-17,5111.0,5157.0,4829.0,4829.0,286720,VND
2012-05-18,4782.0,4782.0,4501.0,4501.0,329728,VND
2012-05-21,4548.0,4782.0,4548.0,4782.0,145936,VND
2012-05-22,4829.0,5017.0,4689.0,4735.0,166544,VND
2012-05-23,4689.0,4689.0,4407.0,4407.0,314608,VND
2012-05-24,4407.0,4501.0,4220.0,4407.0,161280,VND
2012-05-25,4454.0,4642.0,4454.0,4642.0,157136,VND
2012-05-28,4876.0,4923.0,4595.0,4642.0,84224,VND
2012-05-29,4548.0,4689.0,4548.0,4595.0,72800,VND
2012-05-30,4595.0,4829.0,4595.0,4642.0,164080,VND
2012-05-31,4595.0,4642.0,4548.0,4595.0,180096,VND
2012-06-01,4689.0,4689.0,4454.0,4595.0,44016,VND
2012-06-04,4501.0,4501.0,4313.0,4407.0,130256,VND
2012-06-05,4454.0,4595.0,4313.0,4595.0,95088,VND
2012-06-06,4595.0,4735.0,4501.0,4595.0,67088,VND
2012-06-07,4689.0,4923.0,4689.0,4876.0,193200,VND
2012-06-08,5064.0,5111.0,4735.0,4782.0,135408,VND
2012-06-11,4782.0,4970.0,4735.0,4876.0,132496,VND
2012-06-12,4735.0,4970.0,4642.0,4642.0,46256,VND
2012-06-13,4735.0,4735.0,4642.0,4689.0,77392,VND
2012-06-14,4689.0,4876.0,4595.0,4642.0,38416,VND
2012-06-15,4689.0,4876.0,4689.0,4829.0,87360,VND
2012-06-18,5064.0,5064.0,4829.0,4876.0,76496,VND
2012-06-19,4782.0,4829.0,4689.0,4782.0,48496,VND
2012-06-20,4735.0,4829.0,4735.0,4735.0,65744,VND
2012-06-21,4876.0,4876.0,4689.0,4782.0,60704,VND
2012-06-22,4735.0,4735.0,4501.0,4548.0,91168,VND
2012-06-25,4407.0,4595.0,4267.0,4313.0,185024,VND
2012-06-26,4360.0,4360.0,4126.0,4220.0,85232,VND
2012-06-27,4313.0,4407.0,4220.0,4267.0,50624,VND
2012-06-28,4313.0,4407.0,4173.0,4407.0,59024,VND
2012-06-29,4360.0,4360.0,4267.0,4267.0,50960,VND
2012-07-02,4220.0,4360.0,4173.0,4220.0,47040,VND
2012-07-03,4267.0,4267.0,3985.0,4173.0,109984,VND
2012-07-04,4126.0,4173.0,4032.0,4079.0,16912,VND
2012-07-05,4032.0,4313.0,4032.0,4313.0,89376,VND
2012-07-06,4313.0,4360.0,4220.0,4267.0,66080,VND
2012-07-09,4126.0,4126.0,3985.0,3985.0,82768,VND
2012-07-10,4032.0,4079.0,3985.0,3985.0,21280,VND
2012-07-11,3985.0,4079.0,3938.0,4079.0,42784,VND
2012-07-12,4126.0,4220.0,4032.0,4173.0,40544,VND
2012-07-13,4173.0,4407.0,4173.0,4313.0,118944,VND
2012-07-16,4313.0,4360.0,4173.0,4267.0,59472,VND
2012-07-17,4313.0,4407.0,4220.0,4407.0,91168,VND
2012-07-18,4313.0,4407.0,4267.0,4407.0,88368,VND
2012-07-19,4407.0,4595.0,4313.0,4595.0,151312,VND
2012-07-20,4735.0,4735.0,4407.0,4454.0,131712,VND
2012-07-23,4454.0,4454.0,4313.0,4313.0,67312,VND
2012-07-24,4220.0,4267.0,4126.0,4173.0,171920,VND
2012-07-25,4173.0,4267.0,4126.0,4220.0,24640,VND
2012-07-26,4360.0,4360.0,4220.0,4220.0,23856,VND
2012-07-27,4267.0,4313.0,4173.0,4220.0,27888,VND
2012-07-30,4173.0,4267.0,4126.0,4220.0,20048,VND
2012-07-31,4267.0,4313.0,4126.0,4220.0,31360,VND
2012-08-01,4173.0,4220.0,4126.0,4220.0,76496,VND
2012-08-02,4267.0,4267.0,4173.0,4173.0,28224,VND
2012-08-03,4173.0,4220.0,4126.0,4220.0,56784,VND
2012-08-06,4220.0,4407.0,4220.0,4407.0,66752,VND
2012-08-07,4360.0,4360.0,4173.0,4267.0,20944,VND
2012-08-08,4267.0,4313.0,4220.0,4220.0,13776,VND
2012-08-09,4313.0,4360.0,4267.0,4313.0,41552,VND
2012-08-10,4220.0,4267.0,4220.0,4267.0,20496,VND
2012-08-13,4173.0,4267.0,4173.0,4220.0,38528,VND
2012-08-14,4126.0,4267.0,4126.0,4267.0,21952,VND
2012-08-15,4220.0,4267.0,4173.0,4267.0,19152,VND
2012-08-16,3985.0,4313.0,3985.0,4220.0,39424,VND
2012-08-17,4220.0,4220.0,4220.0,4220.0,18592,VND
2012-08-20,4267.0,4313.0,4220.0,4267.0,29120,VND
2012-08-21,4220.0,4220.0,3985.0,3985.0,138992,VND
2012-08-22,3798.0,3938.0,3751.0,3798.0,80080,VND
2012-08-23,3610.0,3610.0,3563.0,3563.0,152880,VND
2012-08-24,3610.0,3798.0,3470.0,3610.0,124544,VND
2012-08-27,3657.0,3657.0,3329.0,3329.0,91840,VND
2012-08-28,3329.0,3470.0,3329.0,3470.0,57680,VND
2012-08-29,3610.0,3657.0,3516.0,3657.0,40096,VND
2012-08-30,3657.0,3704.0,3563.0,3657.0,79296,VND
2012-08-31,3657.0,3751.0,3563.0,3704.0,17920,VND
2012-09-04,3704.0,3751.0,3657.0,3751.0,34944,VND
2012-09-05,3704.0,3704.0,3563.0,3563.0,15792,VND
2012-09-06,3563.0,3657.0,3563.0,3610.0,47152,VND
2012-09-07,3657.0,3657.0,3563.0,3657.0,23744,VND
2012-09-10,3563.0,3563.0,3329.0,3470.0,63504,VND
2012-09-11,3376.0,3376.0,3282.0,3329.0,19824,VND
2012-09-12,3423.0,3423.0,3282.0,3376.0,28784,VND
2012-09-13,3329.0,3470.0,3329.0,3470.0,60928,VND
2012-09-14,3563.0,3657.0,3563.0,3610.0,99680,VND
2012-09-17,3610.0,3610.0,3516.0,3563.0,40096,VND
2012-09-18,3563.0,3563.0,3376.0,3376.0,90048,VND
2012-09-19,3329.0,3470.0,3282.0,3470.0,123312,VND
2012-09-20,3516.0,3657.0,3516.0,3610.0,157920,VND
2012-09-21,3657.0,3845.0,3610.0,3798.0,147728,VND
2012-09-24,3938.0,4032.0,3751.0,3798.0,121072,VND
2012-09-25,3751.0,3751.0,3657.0,3704.0,74592,VND
2012-09-26,3610.0,3704.0,3610.0,3657.0,38528,VND
2012-09-27,3751.0,3751.0,3657.0,3657.0,194432,VND
2012-09-28,3602.0,3602.0,3491.0,3546.0,84672,VND
2012-10-01,3380.0,3435.0,3325.0,3325.0,68544,VND
2012-10-02,3269.0,3380.0,3214.0,3325.0,31696,VND
2012-10-03,3380.0,3435.0,3325.0,3380.0,70112,VND
2012-10-04,3380.0,3380.0,3325.0,3380.0,30688,VND
2012-10-05,3435.0,3491.0,3380.0,3491.0,53648,VND
2012-10-08,3546.0,3712.0,3546.0,3712.0,59024,VND
2012-10-09,3712.0,3823.0,3712.0,3768.0,42784,VND
2012-10-10,3657.0,3768.0,3602.0,3768.0,23072,VND
2012-10-11,3768.0,3990.0,3768.0,3879.0,114240,VND
2012-10-12,3879.0,3879.0,3657.0,3823.0,34272,VND
2012-10-15,3657.0,3768.0,3602.0,3768.0,55776,VND
2012-10-16,3657.0,3934.0,3657.0,3934.0,69776,VND
2012-10-17,3990.0,3990.0,3768.0,3768.0,83104,VND
2012-10-18,3768.0,3823.0,3768.0,3768.0,13552,VND
2012-10-19,3712.0,3823.0,3712.0,3768.0,35280,VND
2012-10-22,3602.0,3768.0,3602.0,3712.0,24528,VND
2012-10-23,3768.0,3768.0,3657.0,3768.0,20272,VND
2012-10-24,3657.0,3712.0,3657.0,3712.0,29568,VND
2012-10-25,3657.0,3657.0,3602.0,3657.0,23968,VND
2012-10-26,3657.0,3712.0,3657.0,3657.0,15456,VND
2012-10-29,3602.0,3657.0,3602.0,3657.0,20384,VND
2012-10-30,3602.0,3602.0,3602.0,3602.0,6160,VND
2012-10-31,3602.0,3657.0,3546.0,3546.0,5264,VND
2012-11-01,3546.0,3602.0,3546.0,3546.0,25200,VND
2012-11-02,3325.0,3435.0,3325.0,3380.0,59248,VND
2012-11-05,3380.0,3380.0,3325.0,3380.0,14560,VND
2012-11-06,3435.0,3435.0,3435.0,3435.0,7392,VND
2012-11-07,3435.0,3546.0,3435.0,3546.0,23184,VND
2012-11-08,3546.0,3546.0,3380.0,3380.0,5712,VND
2012-11-09,3435.0,3546.0,3435.0,3546.0,29008,VND
2012-11-12,3602.0,3657.0,3491.0,3602.0,60592,VND
2012-11-13,3546.0,3602.0,3546.0,3602.0,12544,VND
2012-11-14,3602.0,3602.0,3491.0,3546.0,17136,VND
2012-11-15,3435.0,3546.0,3435.0,3546.0,37184,VND
2012-11-16,3491.0,3546.0,3435.0,3435.0,10640,VND
2012-11-19,3435.0,3546.0,3435.0,3435.0,9520,VND
2012-11-20,3546.0,3546.0,3546.0,3546.0,13440,VND
2012-11-21,3491.0,3546.0,3435.0,3546.0,13552,VND
2012-11-22,3546.0,3546.0,3491.0,3546.0,2576,VND
2012-11-23,3491.0,3602.0,3435.0,3602.0,36624,VND
2012-11-26,3546.0,3546.0,3491.0,3546.0,46928,VND
2012-11-27,3491.0,3491.0,3491.0,3491.0,24640,VND
2012-11-28,3435.0,3491.0,3435.0,3491.0,29456,VND
2012-11-29,3546.0,3546.0,3491.0,3546.0,3472,VND
2012-11-30,3546.0,3546.0,3491.0,3546.0,18032,VND
2012-12-03,3546.0,3602.0,3491.0,3602.0,55552,VND
2012-12-04,3602.0,3657.0,3546.0,3657.0,33712,VND
2012-12-05,3602.0,3712.0,3546.0,3712.0,87360,VND
2012-12-06,3712.0,3712.0,3602.0,3712.0,29232,VND
2012-12-07,3712.0,3768.0,3712.0,3712.0,7840,VND
2012-12-10,3768.0,3934.0,3712.0,3934.0,58912,VND
2012-12-11,3934.0,3934.0,3768.0,3879.0,23296,VND
2012-12-12,3823.0,3990.0,3823.0,3990.0,60144,VND
2012-12-13,3934.0,3934.0,3879.0,3934.0,45696,VND
2012-12-14,3990.0,4156.0,3934.0,3934.0,22960,VND
2012-12-17,3879.0,3990.0,3879.0,3990.0,39872,VND
2012-12-18,3990.0,3990.0,3879.0,3934.0,16912,VND
2012-12-19,3990.0,4045.0,3934.0,4045.0,64064,VND
2012-12-20,4045.0,4100.0,3879.0,3879.0,32480,VND
2012-12-21,3879.0,3934.0,3823.0,3934.0,75488,VND
2012-12-24,3990.0,3990.0,3934.0,3990.0,31808,VND
2012-12-25,3879.0,3934.0,3879.0,3934.0,11984,VND
2012-12-26,3934.0,4100.0,3934.0,4100.0,68768,VND
2012-12-27,4100.0,4156.0,4045.0,4045.0,46704,VND
2012-12-28,3990.0,4211.0,3990.0,4100.0,86688,VND
2013-01-02,4156.0,4433.0,4156.0,4433.0,82768,VND
2013-01-03,4544.0,4544.0,4211.0,4377.0,57904,VND
2013-01-04,4267.0,4377.0,4156.0,4377.0,57008,VND
2013-01-07,4433.0,4433.0,4100.0,4156.0,81424,VND
2013-01-08,4100.0,4267.0,4100.0,4211.0,73808,VND
2013-01-09,4211.0,4377.0,4045.0,4211.0,146384,VND
2013-01-10,4156.0,4267.0,3934.0,4267.0,88592,VND
2013-01-11,4377.0,4377.0,4100.0,4267.0,76832,VND
2013-01-14,4211.0,4322.0,4156.0,4322.0,67312,VND
2013-01-15,4322.0,4433.0,4267.0,4433.0,117488,VND
2013-01-16,4544.0,4765.0,4488.0,4599.0,224112,VND
2013-01-17,4599.0,4765.0,4433.0,4599.0,197792,VND
2013-01-18,4599.0,4654.0,4377.0,4433.0,184240,VND
2013-01-21,4433.0,4488.0,4377.0,4377.0,106176,VND
2013-01-22,4377.0,4377.0,4211.0,4211.0,64400,VND
2013-01-23,4211.0,4267.0,4156.0,4211.0,42000,VND
2013-01-24,4211.0,4377.0,4211.0,4377.0,50176,VND
2013-01-25,4433.0,4488.0,4322.0,4322.0,61712,VND
2013-01-28,4488.0,4765.0,4488.0,4765.0,338464,VND
2013-01-29,5209.0,5209.0,4765.0,4987.0,215488,VND
2013-01-30,5042.0,5042.0,4765.0,4876.0,81312,VND
2013-01-31,4876.0,4932.0,4654.0,4710.0,203840,VND
2013-02-01,4544.0,4765.0,4544.0,4710.0,79184,VND
2013-02-04,4710.0,4821.0,4654.0,4765.0,80976,VND
2013-02-05,4821.0,4821.0,4710.0,4710.0,53648,VND
2013-02-06,4765.0,4821.0,4765.0,4821.0,61936,VND
2013-02-07,4821.0,4876.0,4765.0,4821.0,85120,VND
2013-02-08,4765.0,4987.0,4765.0,4932.0,118160,VND
2013-02-18,5098.0,5153.0,4932.0,5153.0,119952,VND
2013-02-19,5098.0,5153.0,4987.0,4987.0,151872,VND
2013-02-20,4932.0,5098.0,4932.0,5042.0,121744,VND
2013-02-21,5042.0,5209.0,4599.0,4599.0,351344,VND
2013-02-22,4765.0,4987.0,4599.0,4821.0,80080,VND
2013-02-25,4710.0,4932.0,4710.0,4876.0,67536,VND
2013-02-26,4765.0,4876.0,4544.0,4654.0,130704,VND
2013-02-27,4654.0,4654.0,4488.0,4654.0,61264,VND
2013-02-28,4710.0,4710.0,4654.0,4710.0,25088,VND
2013-03-01,4654.0,4710.0,4544.0,4654.0,22624,VND
2013-03-04,4544.0,4654.0,4488.0,4488.0,77616,VND
2013-03-05,4488.0,4488.0,4322.0,4433.0,93408,VND
2013-03-06,4488.0,4544.0,4433.0,4488.0,39088,VND
2013-03-07,4433.0,4488.0,4433.0,4433.0,38528,VND
2013-03-08,4433.0,4488.0,4433.0,4488.0,21168,VND
2013-03-11,4821.0,4821.0,4488.0,4654.0,47712,VND
2013-03-12,4710.0,4710.0,4544.0,4599.0,23184,VND
2013-03-13,4599.0,4654.0,4488.0,4599.0,46144,VND
2013-03-14,4599.0,4654.0,4599.0,4654.0,17920,VND
2013-03-15,4544.0,4654.0,4544.0,4654.0,20944,VND
2013-03-18,4654.0,4654.0,4544.0,4654.0,28112,VND
2013-03-19,4599.0,4599.0,4544.0,4599.0,20944,VND
2013-03-20,4544.0,4654.0,4544.0,4654.0,28112,VND
2013-03-21,4599.0,4654.0,4544.0,4654.0,71008,VND
2013-03-22,4599.0,4654.0,4488.0,4544.0,46144,VND
2013-03-25,4544.0,4599.0,4488.0,4599.0,21840,VND
2013-03-26,4654.0,4654.0,4599.0,4599.0,74144,VND
2013-03-27,4544.0,4599.0,4544.0,4599.0,28896,VND
2013-03-28,4544.0,4544.0,4488.0,4488.0,88592,VND
2013-03-29,4488.0,4544.0,4377.0,4488.0,61712,VND
2013-04-01,4544.0,4599.0,4544.0,4599.0,64848,VND
2013-04-02,4599.0,4654.0,4544.0,4544.0,61824,VND
2013-04-03,4599.0,4599.0,4488.0,4488.0,40880,VND
2013-04-04,4488.0,4544.0,4433.0,4488.0,8176,VND
2013-04-05,4488.0,4544.0,4433.0,4544.0,18928,VND
2013-04-08,4544.0,4544.0,4433.0,4544.0,94976,VND
2013-04-09,4544.0,4599.0,4544.0,4599.0,58912,VND
2013-04-10,4599.0,4599.0,4433.0,4433.0,93744,VND
2013-04-11,4488.0,4488.0,4433.0,4488.0,26880,VND
2013-04-12,4433.0,4488.0,4377.0,4433.0,31360,VND
2013-04-15,4433.0,4433.0,4322.0,4377.0,42112,VND
2013-04-16,4377.0,4488.0,4377.0,4433.0,44128,VND
2013-04-17,4488.0,4488.0,4433.0,4488.0,23184,VND
2013-04-18,4488.0,4488.0,4267.0,4433.0,10864,VND
2013-04-22,4377.0,4433.0,4322.0,4433.0,4256,VND
2013-04-23,4377.0,4433.0,4322.0,4377.0,20720,VND
2013-04-24,4377.0,4377.0,4211.0,4267.0,69552,VND
2013-04-25,4211.0,4267.0,4211.0,4211.0,42784,VND
2013-04-26,4211.0,4211.0,4156.0,4211.0,56560,VND
2013-05-02,4211.0,4211.0,4156.0,4211.0,23632,VND
2013-05-03,4211.0,4267.0,4156.0,4267.0,34944,VND
2013-05-06,4267.0,4488.0,4267.0,4488.0,55328,VND
2013-05-07,4433.0,4488.0,4322.0,4488.0,42000,VND
2013-05-08,4488.0,4488.0,4377.0,4433.0,26992,VND
2013-05-09,4377.0,4433.0,4377.0,4433.0,42784,VND
2013-05-10,4433.0,4433.0,4377.0,4433.0,22848,VND
2013-05-13,4433.0,4433.0,4377.0,4433.0,9632,VND
2013-05-14,4377.0,4377.0,4267.0,4377.0,29680,VND
2013-05-15,4377.0,4433.0,4377.0,4433.0,24640,VND
2013-05-16,4377.0,4433.0,4322.0,4433.0,21840,VND
2013-05-17,4322.0,4377.0,4322.0,4322.0,15232,VND
2013-05-20,4322.0,4322.0,4267.0,4322.0,52528,VND
2013-05-21,4322.0,4377.0,4322.0,4322.0,106400,VND
2013-05-22,4377.0,4377.0,4322.0,4377.0,56448,VND
2013-05-23,4377.0,4433.0,4377.0,4433.0,33152,VND
2013-05-24,4377.0,4433.0,4377.0,4433.0,27216,VND
2013-05-27,4433.0,4488.0,4433.0,4488.0,109424,VND
2013-05-28,4433.0,4488.0,4433.0,4433.0,148176,VND
2013-05-29,4544.0,4654.0,4488.0,4544.0,246400,VND
2013-05-30,4599.0,4654.0,4544.0,4599.0,69104,VND
2013-05-31,4654.0,4710.0,4654.0,4654.0,122864,VND
2013-06-03,4599.0,4654.0,4488.0,4488.0,147504,VND
2013-06-04,4599.0,4599.0,4433.0,4433.0,92288,VND
2013-06-05,4488.0,4599.0,4433.0,4599.0,41440,VND
2013-06-06,4544.0,4544.0,4433.0,4488.0,30576,VND
2013-06-07,4488.0,4599.0,4433.0,4599.0,52304,VND
2013-06-10,4599.0,4654.0,4599.0,4654.0,107072,VND
2013-06-11,4599.0,4654.0,4544.0,4654.0,27440,VND
2013-06-12,4654.0,4710.0,4599.0,4599.0,50064,VND
2013-06-13,4710.0,4987.0,4710.0,4987.0,334768,VND
2013-06-14,5098.0,5375.0,4987.0,5375.0,619248,VND
2013-06-17,5319.0,5541.0,4987.0,5098.0,150528,VND
2013-06-18,5153.0,5153.0,4876.0,5098.0,84224,VND
2013-06-19,4987.0,5098.0,4821.0,4876.0,92624,VND
2013-06-20,4932.0,4987.0,4765.0,4876.0,69216,VND
2013-06-21,4876.0,5042.0,4876.0,4932.0,162176,VND
2013-06-24,4488.0,4932.0,4488.0,4765.0,113008,VND
2013-06-25,4876.0,4876.0,4544.0,4654.0,118496,VND
2013-06-26,4765.0,4765.0,4599.0,4710.0,60816,VND
2013-06-27,4654.0,4821.0,4654.0,4765.0,63616,VND
2013-06-28,4876.0,4876.0,4710.0,4765.0,23184,VND
2013-07-01,4654.0,4710.0,4599.0,4710.0,37856,VND
2013-07-02,4544.0,4821.0,4544.0,4765.0,67872,VND
2013-07-03,4821.0,4821.0,4654.0,4765.0,42448,VND
2013-07-04,4765.0,4987.0,4765.0,4932.0,107744,VND
2013-07-05,4821.0,4987.0,4765.0,4821.0,49728,VND
2013-07-08,4765.0,4932.0,4765.0,4876.0,58688,VND
2013-07-09,4821.0,4876.0,4765.0,4876.0,46368,VND
2013-07-10,4821.0,4821.0,4765.0,4765.0,22624,VND
2013-07-11,4821.0,4821.0,4765.0,4765.0,74816,VND
2013-07-12,4765.0,4876.0,4765.0,4765.0,82880,VND
2013-07-15,4765.0,4876.0,4765.0,4821.0,54096,VND
2013-07-16,4821.0,4876.0,4765.0,4821.0,88704,VND
2013-07-17,4765.0,4932.0,4765.0,4876.0,63056,VND
2013-07-18,4876.0,4932.0,4821.0,4932.0,95088,VND
2013-07-19,4821.0,4932.0,4821.0,4876.0,40096,VND
2013-07-22,5209.0,5209.0,4876.0,4932.0,72688,VND
2013-07-23,4821.0,4876.0,4765.0,4821.0,14224,VND
2013-07-24,4821.0,4821.0,4765.0,4821.0,80640,VND
2013-07-25,4765.0,4765.0,4765.0,4765.0,61600,VND
2013-07-26,4765.0,4765.0,4654.0,4654.0,65408,VND
2013-07-29,4710.0,4710.0,4544.0,4654.0,98358,VND
2013-07-30,4765.0,4765.0,4599.0,4599.0,45136,VND
2013-07-31,4654.0,4654.0,4544.0,4544.0,73024,VND
2013-08-01,4544.0,4654.0,4544.0,4599.0,41776,VND
2013-08-02,4599.0,4654.0,4544.0,4544.0,54040,VND
2013-08-05,4599.0,4599.0,4599.0,4599.0,17864,VND
2013-08-06,4599.0,4654.0,4599.0,4654.0,25424,VND
2013-08-07,4599.0,4710.0,4599.0,4654.0,38864,VND
2013-08-08,4654.0,4654.0,4599.0,4599.0,15008,VND
2013-08-09,4599.0,4710.0,4599.0,4654.0,34957,VND
2013-08-12,4710.0,4710.0,4654.0,4710.0,46928,VND
2013-08-13,4654.0,4654.0,4544.0,4599.0,8859,VND
2013-08-14,4544.0,4654.0,4544.0,4654.0,9296,VND
2013-08-15,4544.0,4654.0,4544.0,4654.0,140672,VND
2013-08-16,4710.0,4710.0,4654.0,4654.0,12790,VND
2013-08-19,4599.0,4654.0,4599.0,4599.0,56224,VND
2013-08-20,4599.0,4710.0,4599.0,4710.0,15266,VND
2013-08-21,4710.0,4710.0,4654.0,4710.0,19040,VND
2013-08-22,4710.0,4710.0,4654.0,4654.0,55552,VND
2013-08-23,4654.0,4654.0,4544.0,4544.0,64400,VND
2013-08-26,4599.0,4654.0,4599.0,4599.0,22176,VND
2013-08-27,4599.0,4654.0,4599.0,4599.0,18928,VND
2013-08-28,4599.0,4599.0,4488.0,4488.0,112448,VND
2013-08-29,4599.0,4599.0,4544.0,4599.0,60368,VND
2013-08-30,4599.0,4654.0,4599.0,4599.0,88144,VND
2013-09-03,4599.0,4654.0,4544.0,4544.0,30688,VND
2013-09-04,4599.0,4654.0,4544.0,4544.0,40880,VND
2013-09-05,4599.0,4599.0,4544.0,4544.0,131611,VND
2013-09-06,4100.0,4599.0,4100.0,4544.0,13440,VND
2013-09-09,4599.0,4599.0,4544.0,4544.0,22400,VND
2013-09-10,4654.0,4654.0,4599.0,4654.0,12880,VND
2013-09-11,4654.0,4654.0,4599.0,4599.0,26329,VND
2013-09-12,4599.0,4765.0,4599.0,4710.0,93554,VND
2013-09-13,4710.0,4765.0,4599.0,4710.0,97328,VND
2013-09-16,4710.0,5098.0,4710.0,5042.0,249984,VND
2013-09-17,5042.0,5098.0,4932.0,4932.0,109312,VND
2013-09-18,4932.0,4932.0,4821.0,4876.0,39760,VND
2013-09-19,4599.0,4987.0,4599.0,4987.0,45248,VND
2013-09-20,4876.0,4932.0,4821.0,4821.0,62496,VND
2013-09-23,4821.0,4932.0,4821.0,4932.0,71467,VND
2013-09-24,5042.0,5042.0,4876.0,4932.0,40152,VND
2013-09-25,5119.0,5119.0,4869.0,4932.0,121677,VND
2013-09-26,4932.0,4932.0,4744.0,4869.0,88480,VND
2013-09-27,4807.0,4869.0,4744.0,4744.0,28246,VND
2013-09-30,4869.0,4869.0,4807.0,4869.0,30352,VND
2013-10-01,4932.0,4994.0,4807.0,4807.0,60852,VND
2013-10-02,4869.0,4994.0,4869.0,4869.0,60301,VND
2013-10-03,4932.0,4994.0,4869.0,4932.0,75721,VND
2013-10-04,4932.0,4994.0,4932.0,4932.0,54208,VND
2013-10-07,5056.0,5119.0,4994.0,4994.0,87360,VND
2013-10-08,5119.0,5181.0,5056.0,5119.0,230160,VND
2013-10-09,5119.0,5368.0,5119.0,5244.0,136640,VND
2013-10-10,5181.0,5368.0,5181.0,5306.0,188608,VND
2013-10-11,5431.0,5431.0,5306.0,5306.0,120411,VND
2013-10-14,5368.0,5431.0,5306.0,5368.0,89936,VND
2013-10-15,5368.0,5618.0,5368.0,5556.0,181160,VND
2013-10-16,5556.0,5618.0,5493.0,5556.0,120965,VND
2013-10-17,5556.0,5618.0,5431.0,5431.0,123297,VND
2013-10-18,5431.0,5556.0,5431.0,5431.0,68544,VND
2013-10-21,5556.0,5681.0,5556.0,5556.0,107632,VND
2013-10-22,5556.0,5618.0,5493.0,5556.0,145488,VND
2013-10-23,5556.0,5618.0,5493.0,5556.0,110320,VND
2013-10-24,5681.0,6055.0,5681.0,5930.0,248528,VND
2013-10-25,5930.0,5930.0,5743.0,5743.0,100688,VND
2013-10-28,5805.0,5805.0,5493.0,5618.0,60704,VND
2013-10-29,5556.0,5681.0,5556.0,5618.0,125664,VND
2013-10-30,5618.0,5618.0,5556.0,5556.0,43344,VND
2013-10-31,5618.0,5681.0,5618.0,5618.0,35504,VND
2013-11-01,5618.0,5743.0,5618.0,5743.0,71792,VND
2013-11-04,5805.0,6305.0,5805.0,6305.0,552171,VND
2013-11-05,6555.0,6679.0,6367.0,6555.0,318528,VND
2013-11-06,6367.0,6555.0,6242.0,6492.0,125664,VND
2013-11-07,6430.0,7054.0,6430.0,6679.0,369189,VND
2013-11-08,6679.0,6992.0,6617.0,6867.0,183344,VND
2013-11-11,6929.0,6992.0,6742.0,6992.0,362208,VND
2013-11-12,7179.0,7179.0,6555.0,6742.0,245728,VND
2013-11-13,6804.0,6929.0,6742.0,6804.0,205341,VND
2013-11-14,6867.0,6867.0,6804.0,6867.0,87898,VND
2013-11-15,6867.0,6929.0,6804.0,6804.0,111664,VND
2013-11-18,6867.0,6929.0,6804.0,6804.0,75264,VND
2013-11-19,6804.0,6929.0,6804.0,6804.0,200088,VND
2013-11-20,6867.0,7241.0,6867.0,7179.0,252115,VND
2013-11-21,7241.0,7428.0,7054.0,7054.0,140391,VND
2013-11-22,7179.0,7179.0,6867.0,6929.0,106646,VND
2013-11-25,6929.0,6992.0,6867.0,6867.0,94875,VND
2013-11-26,6867.0,6992.0,6867.0,6867.0,74368,VND
2013-11-27,6867.0,7054.0,6867.0,7054.0,58262,VND
2013-11-28,6929.0,7054.0,6929.0,6929.0,104966,VND
2013-11-29,6867.0,6929.0,6867.0,6867.0,173936,VND
2013-12-02,7179.0,7179.0,6867.0,6867.0,30912,VND
2013-12-03,6929.0,7116.0,6929.0,6929.0,112125,VND
2013-12-04,6929.0,7241.0,6929.0,7054.0,108080,VND
2013-12-05,7054.0,7179.0,7054.0,7054.0,105952,VND
2013-12-06,7054.0,7241.0,7054.0,7241.0,144592,VND
2013-12-09,7241.0,7865.0,7241.0,7741.0,364659,VND
2013-12-10,7741.0,7741.0,7553.0,7553.0,56224,VND
2013-12-11,7616.0,7865.0,7553.0,7741.0,393232,VND
2013-12-12,7741.0,7928.0,7616.0,7616.0,289890,VND
2013-12-13,7678.0,8365.0,7616.0,8365.0,383135,VND
2013-12-16,8739.0,9176.0,8490.0,9176.0,291088,VND
2013-12-17,9426.0,9426.0,8739.0,9176.0,165200,VND
2013-12-18,9176.0,9239.0,8739.0,9239.0,177285,VND
2013-12-19,9301.0,9301.0,9052.0,9052.0,439936,VND
2013-12-20,9052.0,9052.0,8802.0,8802.0,157584,VND
2013-12-23,8802.0,8802.0,8552.0,8552.0,115360,VND
2013-12-24,8427.0,8490.0,8365.0,8365.0,294112,VND
2013-12-25,8365.0,8365.0,7928.0,7990.0,439712,VND
2013-12-26,7990.0,8240.0,7990.0,8053.0,78400,VND
2013-12-27,8053.0,8490.0,8053.0,8302.0,322896,VND
2013-12-30,8302.0,8365.0,7678.0,7678.0,179088,VND
2013-12-31,7678.0,8053.0,7678.0,7990.0,166882,VND
2014-01-02,8178.0,8178.0,7990.0,8053.0,92951,VND
2014-01-03,8115.0,8178.0,7990.0,8115.0,85280,VND
2014-01-06,8115.0,8240.0,7928.0,8178.0,125748,VND
2014-01-07,8115.0,8178.0,7928.0,7990.0,116928,VND
2014-01-08,7990.0,8115.0,7865.0,7928.0,66640,VND
2014-01-09,7928.0,8115.0,7928.0,7990.0,95200,VND
2014-01-10,8115.0,8490.0,8115.0,8240.0,101288,VND
2014-01-13,8240.0,8427.0,8240.0,8365.0,93190,VND
2014-01-14,8365.0,9052.0,8365.0,8677.0,261586,VND
2014-01-15,8739.0,8864.0,8615.0,8677.0,123424,VND
2014-01-16,8615.0,8739.0,8490.0,8490.0,93856,VND
2014-01-17,8490.0,8490.0,7803.0,7803.0,205968,VND
2014-01-20,7741.0,7990.0,7491.0,7491.0,102592,VND
2014-01-21,7553.0,7990.0,7491.0,7616.0,43142,VND
2014-01-22,7678.0,7865.0,7179.0,7179.0,212946,VND
2014-01-23,7241.0,7678.0,7179.0,7179.0,136864,VND
2014-01-24,7428.0,7553.0,7304.0,7304.0,66192,VND
2014-01-27,7428.0,7616.0,7428.0,7491.0,80304,VND
2014-02-06,7803.0,8178.0,7616.0,8178.0,37341,VND
2014-02-07,8240.0,8240.0,7865.0,8240.0,79072,VND
2014-02-10,7990.0,8178.0,7928.0,8178.0,100386,VND
2014-02-11,8178.0,8427.0,8115.0,8178.0,153216,VND
2014-02-12,8178.0,8302.0,8115.0,8240.0,90384,VND
2014-02-13,8240.0,8427.0,8178.0,8178.0,194096,VND
2014-02-14,8365.0,8490.0,8240.0,8490.0,127434,VND
2014-02-17,8365.0,9052.0,8178.0,8739.0,287538,VND
2014-02-18,8739.0,8927.0,8677.0,8739.0,436164,VND
2014-02-19,8739.0,9114.0,8739.0,8989.0,386961,VND
2014-02-20,9052.0,9114.0,8178.0,8490.0,475821,VND
2014-02-21,8490.0,8615.0,8427.0,8490.0,135956,VND
2014-02-24,8552.0,8864.0,8552.0,8552.0,183653,VND
2014-02-25,8864.0,8927.0,8739.0,8802.0,97328,VND
2014-02-26,8802.0,8864.0,8615.0,8864.0,121437,VND
2014-02-27,8802.0,9239.0,8802.0,8989.0,301509,VND
2014-02-28,9239.0,9239.0,8989.0,9114.0,272070,VND
2014-03-03,9052.0,9114.0,8802.0,8989.0,229068,VND
2014-03-04,8989.0,8989.0,8677.0,8677.0,76720,VND
2014-03-05,8739.0,8927.0,8739.0,8739.0,106288,VND
2014-03-06,8739.0,8927.0,8115.0,8927.0,80808,VND
2014-03-07,8739.0,8927.0,8739.0,8739.0,21560,VND
2014-03-10,8739.0,9114.0,8739.0,9052.0,248910,VND
2014-03-11,9052.0,9925.0,9052.0,9925.0,1252378,VND
2014-03-12,10737.0,10737.0,10362.0,10612.0,684349,VND
2014-03-13,10550.0,10612.0,10238.0,10487.0,245789,VND
2014-03-14,9988.0,10799.0,9988.0,10612.0,609303,VND
2014-03-17,10550.0,10612.0,10425.0,10550.0,187021,VND
2014-03-18,10550.0,10737.0,10425.0,10737.0,242950,VND
2014-03-19,10487.0,11361.0,10425.0,11236.0,494435,VND
2014-03-20,10924.0,11236.0,10550.0,10675.0,294448,VND
2014-03-21,10487.0,10924.0,10487.0,10799.0,132215,VND
2014-03-24,10675.0,10924.0,10487.0,10799.0,257029,VND
2014-03-25,10799.0,10862.0,10300.0,10300.0,500314,VND
2014-03-26,10300.0,10737.0,10238.0,10362.0,249054,VND
2014-03-27,10300.0,10425.0,10238.0,10425.0,125104,VND
2014-03-28,10487.0,11174.0,10300.0,10675.0,637168,VND
2014-03-31,10675.0,10799.0,10550.0,10550.0,128688,VND
2014-04-01,10799.0,10862.0,10113.0,10300.0,180148,VND
2014-04-02,10175.0,10612.0,9801.0,9801.0,598306,VND
2014-04-03,9801.0,10612.0,9676.0,10425.0,52752,VND
2014-04-04,10300.0,10487.0,10175.0,10300.0,25200,VND
2014-04-07,10300.0,10487.0,10113.0,10487.0,120176,VND
2014-04-08,10550.0,10550.0,10238.0,10300.0,97497,VND
2014-04-10,10238.0,10487.0,10238.0,10425.0,122797,VND
2014-04-11,10300.0,10799.0,9988.0,10737.0,846400,VND
2014-04-14,10737.0,11424.0,10550.0,11111.0,1145850,VND
2014-04-15,10987.0,11111.0,10550.0,10550.0,739727,VND
2014-04-16,10362.0,10550.0,9738.0,10425.0,645747,VND
2014-04-17,10612.0,10612.0,10113.0,10550.0,328328,VND
2014-04-18,10300.0,10300.0,9613.0,9613.0,375379,VND
2014-04-21,9676.0,9676.0,8802.0,8802.0,363160,VND
2014-04-22,8989.0,9176.0,8739.0,9176.0,387744,VND
2014-04-23,9176.0,9176.0,8615.0,8739.0,440067,VND
2014-04-24,8739.0,9176.0,8739.0,9052.0,271936,VND
2014-04-25,8989.0,9239.0,8989.0,9239.0,435243,VND
2014-04-28,9239.0,9301.0,8864.0,8989.0,227864,VND
2014-04-29,8739.0,9052.0,8739.0,8927.0,45696,VND
2014-05-05,8802.0,8927.0,8178.0,8178.0,395248,VND
2014-05-06,8178.0,8178.0,7366.0,8053.0,245594,VND
2014-05-07,8240.0,8240.0,7678.0,8053.0,134960,VND
2014-05-08,7865.0,7865.0,7304.0,7304.0,312368,VND
2014-05-09,6617.0,7366.0,6617.0,7304.0,312704,VND
2014-05-12,7179.0,7179.0,6617.0,6617.0,279664,VND
2014-05-13,6242.0,6555.0,6055.0,6305.0,227472,VND
2014-05-14,6492.0,6929.0,6492.0,6867.0,158032,VND
2014-05-15,6929.0,7241.0,6492.0,6555.0,603680,VND
2014-05-16,6555.0,7179.0,6555.0,7179.0,277268,VND
2014-05-19,7179.0,7678.0,6992.0,7491.0,417984,VND
2014-05-20,7803.0,7803.0,7304.0,7616.0,309221,VND
2014-05-21,7491.0,7990.0,7491.0,7990.0,303251,VND
2014-05-22,7865.0,7928.0,7553.0,7553.0,346864,VND
2014-05-23,7616.0,7803.0,7428.0,7553.0,259168,VND
2014-05-26,7553.0,7553.0,7304.0,7491.0,173824,VND
2014-05-27,7491.0,7928.0,7366.0,7928.0,312900,VND
2014-05-28,7865.0,7990.0,7741.0,7928.0,305334,VND
2014-05-29,7678.0,7928.0,7491.0,7741.0,229600,VND
2014-05-30,7741.0,7741.0,7553.0,7553.0,130368,VND
2014-06-02,7491.0,7616.0,7304.0,7491.0,163632,VND
2014-06-03,7553.0,7553.0,7241.0,7366.0,36960,VND
2014-06-04,7366.0,7491.0,7179.0,7366.0,213808,VND
2014-06-05,7366.0,7553.0,7179.0,7491.0,143696,VND
2014-06-06,7616.0,7741.0,7491.0,7678.0,171035,VND
2014-06-09,7803.0,8240.0,7678.0,7928.0,905695,VND
2014-06-10,7865.0,7990.0,7678.0,7865.0,82656,VND
2014-06-11,7741.0,8053.0,7741.0,7928.0,71131,VND
2014-06-12,7928.0,7928.0,7803.0,7865.0,155350,VND
2014-06-13,7865.0,8053.0,7803.0,7928.0,385840,VND
2014-06-16,7803.0,7990.0,7741.0,7990.0,213472,VND
2014-06-17,7928.0,8302.0,7928.0,8178.0,898731,VND
2014-06-18,8302.0,8552.0,8240.0,8240.0,1437691,VND
2014-06-19,8115.0,8115.0,7865.0,8115.0,545888,VND
2014-06-20,8115.0,8115.0,7865.0,7865.0,349306,VND
2014-06-23,7803.0,7865.0,7616.0,7678.0,323008,VND
2014-06-24,7678.0,7865.0,7678.0,7803.0,223104,VND
2014-06-25,7928.0,8115.0,7865.0,8115.0,234501,VND
2014-06-26,8115.0,8115.0,7928.0,7928.0,340144,VND
2014-06-27,7928.0,8115.0,7928.0,7928.0,347558,VND
2014-06-30,8053.0,8677.0,7928.0,7990.0,977252,VND
2014-07-01,8115.0,8115.0,7990.0,7990.0,553336,VND
2014-07-02,8053.0,8240.0,8053.0,8240.0,215499,VND
2014-07-03,8240.0,8739.0,8178.0,8365.0,765184,VND
2014-07-04,8365.0,8677.0,8365.0,8615.0,1553116,VND
2014-07-07,8677.0,8739.0,8490.0,8490.0,434045,VND
2014-07-08,8490.0,8552.0,8302.0,8552.0,405866,VND
2014-07-09,8552.0,8615.0,8490.0,8552.0,378078,VND
2014-07-10,8490.0,8490.0,8178.0,8240.0,767883,VND
2014-07-11,8240.0,8302.0,8115.0,8240.0,312536,VND
2014-07-14,8240.0,8302.0,8178.0,8240.0,321552,VND
2014-07-15,8302.0,8427.0,8302.0,8427.0,314048,VND
2014-07-16,8490.0,8927.0,8427.0,8615.0,1304621,VND
2014-07-17,8615.0,8739.0,8552.0,8677.0,612250,VND
2014-07-18,8677.0,8739.0,8615.0,8677.0,349104,VND
2014-07-21,8739.0,8864.0,8490.0,8615.0,443285,VND
2014-07-22,8677.0,8739.0,8615.0,8739.0,754970,VND
2014-07-23,8739.0,8739.0,8615.0,8677.0,310184,VND
2014-07-24,8677.0,8739.0,8615.0,8677.0,422240,VND
2014-07-25,8879.0,9215.0,8475.0,8475.0,335216,VND
2014-07-28,8408.0,8408.0,8072.0,8206.0,380946,VND
2014-07-29,8273.0,8273.0,8072.0,8139.0,289296,VND
2014-07-30,8206.0,8273.0,8139.0,8273.0,203392,VND
2014-07-31,8273.0,8341.0,8273.0,8273.0,126896,VND
2014-08-01,8206.0,8206.0,8139.0,8139.0,239680,VND
2014-08-04,8139.0,8206.0,8139.0,8206.0,153328,VND
2014-08-05,8206.0,8341.0,8206.0,8341.0,230160,VND
2014-08-06,8408.0,8677.0,8408.0,8475.0,342944,VND
2014-08-07,8610.0,8610.0,8341.0,8542.0,129584,VND
2014-08-08,8610.0,8610.0,8408.0,8475.0,164866,VND
2014-08-11,8408.0,8475.0,8408.0,8408.0,175482,VND
2014-08-12,8475.0,8475.0,8341.0,8408.0,234529,VND
2014-08-13,8341.0,8542.0,8341.0,8475.0,132318,VND
2014-08-14,8610.0,8677.0,8408.0,8542.0,215863,VND
2014-08-15,8610.0,8610.0,8408.0,8542.0,93307,VND
2014-08-18,8542.0,9148.0,8542.0,9013.0,1969266,VND
2014-08-19,9148.0,9619.0,9148.0,9417.0,1680180,VND
2014-08-20,9551.0,9551.0,9282.0,9350.0,439230,VND
2014-08-21,9484.0,9484.0,9215.0,9215.0,803878,VND
2014-08-22,9081.0,9282.0,9081.0,9148.0,759095,VND
2014-08-25,9282.0,9619.0,9282.0,9350.0,613111,VND
2014-08-26,9417.0,10224.0,9350.0,10224.0,3141164,VND
2014-08-27,10359.0,10762.0,9686.0,9820.0,840448,VND
2014-08-28,9888.0,10157.0,9820.0,10089.0,677667,VND
2014-08-29,10089.0,10089.0,9820.0,10022.0,560941,VND
2014-09-03,10022.0,10628.0,9955.0,10022.0,506139,VND
2014-09-04,10022.0,10022.0,9753.0,9888.0,689964,VND
2014-09-05,9955.0,9955.0,9820.0,9888.0,288086,VND
2014-09-08,9955.0,10224.0,9820.0,9820.0,559888,VND
2014-09-09,9820.0,9955.0,9148.0,9215.0,846541,VND
2014-09-10,9215.0,9551.0,8946.0,9551.0,366414,VND
2014-09-11,9551.0,9551.0,9350.0,9484.0,472147,VND
2014-09-12,9417.0,9484.0,9282.0,9417.0,449131,VND
2014-09-15,9417.0,9955.0,9417.0,9551.0,572690,VND
2014-09-16,9551.0,9619.0,9350.0,9619.0,335664,VND
2014-09-17,9551.0,9888.0,9484.0,9820.0,1179584,VND
2014-09-18,9955.0,10291.0,9753.0,9753.0,842464,VND
2014-09-19,9753.0,9888.0,9619.0,9753.0,242928,VND
2014-09-22,9753.0,10628.0,9619.0,10089.0,1392354,VND
2014-09-23,10224.0,10695.0,10022.0,10224.0,1131041,VND
2014-09-24,10224.0,10560.0,10157.0,10560.0,522368,VND
2014-09-25,10493.0,10560.0,10022.0,10359.0,751072,VND
2014-09-26,10359.0,10426.0,9955.0,9955.0,509562,VND
2014-09-29,9955.0,10089.0,9955.0,10022.0,285600,VND
2014-09-30,10022.0,10224.0,9820.0,10089.0,268606,VND
2014-10-01,10224.0,10291.0,10089.0,10089.0,302646,VND
2014-10-02,10089.0,10157.0,10022.0,10022.0,387715,VND
2014-10-03,10089.0,10426.0,10022.0,10089.0,558186,VND
2014-10-06,10157.0,10426.0,10089.0,10224.0,373520,VND
2014-10-07,10291.0,10964.0,10291.0,10964.0,1274168,VND
2014-10-08,10964.0,11233.0,10897.0,10897.0,670768,VND
2014-10-09,10897.0,11031.0,10762.0,10897.0,620144,VND
2014-10-10,10829.0,10829.0,10359.0,10426.0,885283,VND
2014-10-13,10426.0,10829.0,10426.0,10829.0,507741,VND
2014-10-14,10829.0,10897.0,10359.0,10359.0,394923,VND
2014-10-15,10493.0,10628.0,10157.0,10493.0,270076,VND
2014-10-16,10493.0,10493.0,9820.0,9820.0,472830,VND
2014-10-17,9820.0,10089.0,9753.0,10022.0,313040,VND
2014-10-20,10224.0,10224.0,9888.0,9955.0,108427,VND
2014-10-21,9888.0,9888.0,9686.0,9820.0,265744,VND
2014-10-22,9820.0,10022.0,9820.0,10022.0,117323,VND
2014-10-23,10022.0,10022.0,9551.0,9686.0,380037,VND
2014-10-24,9753.0,9753.0,9417.0,9686.0,275918,VND
2014-10-27,9551.0,9551.0,9215.0,9215.0,285152,VND
2014-10-28,9350.0,9619.0,9282.0,9619.0,318528,VND
2014-10-29,9686.0,9955.0,9619.0,9955.0,430416,VND
2014-10-30,9888.0,9955.0,9753.0,9955.0,126112,VND
2014-10-31,9888.0,10089.0,9753.0,10089.0,261089,VND
2014-11-03,10089.0,10157.0,9955.0,9955.0,217942,VND
2014-11-04,9888.0,10022.0,9820.0,9888.0,156479,VND
2014-11-05,9888.0,10291.0,9820.0,10089.0,432113,VND
2014-11-06,10089.0,10291.0,10022.0,10157.0,88928,VND
2014-11-07,10224.0,10224.0,10022.0,10157.0,61432,VND
2014-11-10,10157.0,10426.0,10089.0,10224.0,292544,VND
2014-11-11,10224.0,10291.0,10022.0,10224.0,116536,VND
2014-11-12,10157.0,10291.0,10089.0,10291.0,150080,VND
2014-11-13,10359.0,10762.0,10359.0,10493.0,517362,VND
2014-11-14,10628.0,10628.0,10224.0,10426.0,271073,VND
2014-11-17,10359.0,10560.0,10291.0,10426.0,105954,VND
2014-11-18,10426.0,10426.0,10157.0,10157.0,302288,VND
2014-11-19,10157.0,10157.0,9955.0,10089.0,172928,VND
2014-11-20,10089.0,10291.0,10022.0,10224.0,213696,VND
2014-11-21,10157.0,10291.0,9955.0,9955.0,214446,VND
2014-11-24,9955.0,9955.0,9753.0,9753.0,177520,VND
2014-11-25,9686.0,9888.0,9619.0,9753.0,97782,VND
2014-11-26,9820.0,9820.0,9551.0,9686.0,146720,VND
2014-11-27,9753.0,9753.0,9619.0,9753.0,62160,VND
2014-11-28,9686.0,9955.0,9686.0,9888.0,91088,VND
2014-12-01,9888.0,9955.0,9820.0,9888.0,97760,VND
2014-12-02,9888.0,9888.0,9753.0,9888.0,77823,VND
2014-12-03,9888.0,9955.0,9888.0,9955.0,104955,VND
2014-12-04,10089.0,10291.0,9955.0,10224.0,305648,VND
2014-12-05,10022.0,10291.0,10022.0,10224.0,92810,VND
2014-12-08,10157.0,10359.0,10089.0,10089.0,61824,VND
2014-12-09,10022.0,10022.0,9619.0,9619.0,281249,VND
2014-12-10,9619.0,9955.0,9619.0,9955.0,69888,VND
2014-12-11,9820.0,9888.0,9753.0,9820.0,56784,VND
2014-12-12,9955.0,9955.0,9820.0,9888.0,45772,VND
2014-12-15,9820.0,9955.0,9753.0,9888.0,44677,VND
2014-12-16,8946.0,9888.0,8946.0,9619.0,38476,VND
2014-12-17,9820.0,9820.0,8744.0,9350.0,185696,VND
2014-12-18,9551.0,9619.0,9350.0,9417.0,70336,VND
2014-12-19,9417.0,9417.0,9148.0,9417.0,122273,VND
2014-12-22,9350.0,9484.0,9350.0,9417.0,25760,VND
2014-12-23,9619.0,9619.0,9350.0,9484.0,49179,VND
2014-12-24,9417.0,9619.0,9350.0,9484.0,82544,VND
2014-12-25,9484.0,9619.0,9417.0,9417.0,105198,VND
2014-12-26,9350.0,9350.0,9215.0,9282.0,53916,VND
2014-12-29,9282.0,9350.0,8946.0,9282.0,75152,VND
2014-12-30,9081.0,9282.0,9013.0,9282.0,73696,VND
2014-12-31,9282.0,9484.0,9215.0,9484.0,189504,VND
2015-01-05,9417.0,9619.0,9417.0,9417.0,59472,VND
2015-01-06,9417.0,9484.0,9417.0,9484.0,66181,VND
2015-01-07,9484.0,9619.0,9484.0,9619.0,49659,VND
2015-01-08,9484.0,9551.0,9417.0,9551.0,23296,VND
2015-01-09,9619.0,9686.0,9551.0,9686.0,54669,VND
2015-01-12,9753.0,9820.0,9686.0,9686.0,98112,VND
2015-01-13,9619.0,9686.0,9619.0,9686.0,48789,VND
2015-01-14,9686.0,9753.0,9484.0,9686.0,132406,VND
2015-01-15,9686.0,9888.0,9619.0,9888.0,90720,VND
2015-01-16,9888.0,9888.0,9753.0,9753.0,27888,VND
2015-01-19,9888.0,9888.0,9619.0,9619.0,72477,VND
2015-01-20,9619.0,9753.0,9619.0,9619.0,50837,VND
2015-01-21,9753.0,10089.0,9686.0,9955.0,626752,VND
2015-01-22,10157.0,10291.0,9955.0,10089.0,176064,VND
2015-01-23,10089.0,10157.0,10022.0,10022.0,140123,VND
2015-01-26,10022.0,10224.0,10022.0,10089.0,89712,VND
2015-01-27,10022.0,10089.0,9820.0,9955.0,84672,VND
2015-01-28,9888.0,9955.0,9753.0,9753.0,157136,VND
2015-01-29,9753.0,9753.0,9551.0,9686.0,170240,VND
2015-01-30,9686.0,9888.0,9686.0,9686.0,152544,VND
2015-02-02,9686.0,9686.0,9484.0,9619.0,60144,VND
2015-02-03,9619.0,9619.0,9417.0,9417.0,71579,VND
2015-02-04,9417.0,9484.0,9417.0,9484.0,67872,VND
2015-02-05,9282.0,9282.0,9282.0,9282.0,112,VND
2015-02-06,9350.0,9484.0,9350.0,9484.0,56672,VND
2015-02-09,9484.0,9686.0,9484.0,9686.0,291211,VND
2015-02-10,9753.0,9955.0,9753.0,9955.0,284144,VND
2015-02-11,10022.0,10089.0,9820.0,10022.0,197055,VND
2015-02-12,9955.0,10493.0,9955.0,10426.0,476952,VND
2015-02-13,10493.0,10493.0,10291.0,10291.0,221088,VND
2015-02-24,10224.0,10291.0,10089.0,10291.0,92176,VND
2015-02-25,10426.0,10762.0,10426.0,10493.0,422240,VND
2015-02-26,10426.0,10560.0,10359.0,10560.0,74875,VND
2015-02-27,10628.0,10695.0,10291.0,10359.0,64848,VND
2015-03-02,10224.0,10560.0,10157.0,10359.0,179088,VND
2015-03-03,10224.0,10560.0,10224.0,10560.0,179312,VND
2015-03-04,10560.0,10695.0,10426.0,10426.0,106030,VND
2015-03-05,10493.0,10560.0,10291.0,10359.0,133265,VND
2015-03-06,10426.0,10628.0,10291.0,10359.0,137760,VND
2015-03-09,10359.0,10426.0,10224.0,10291.0,33936,VND
2015-03-10,10291.0,10291.0,10089.0,10291.0,106960,VND
2015-03-11,10291.0,10291.0,10022.0,10022.0,187152,VND
2015-03-12,10089.0,10089.0,9888.0,10022.0,181552,VND
2015-03-13,10022.0,10089.0,9955.0,10022.0,98202,VND
2015-03-16,9955.0,10089.0,9888.0,9888.0,154616,VND
2015-03-17,9888.0,10089.0,9820.0,9955.0,103656,VND
2015-03-18,9955.0,10224.0,9955.0,10089.0,162794,VND
2015-03-19,10157.0,10157.0,10089.0,10089.0,112509,VND
2015-03-20,10022.0,10089.0,9955.0,10089.0,43344,VND
2015-03-23,10089.0,10089.0,9888.0,9888.0,52640,VND
2015-03-24,9820.0,9820.0,9619.0,9619.0,73136,VND
2015-03-25,9686.0,9955.0,9686.0,9753.0,71254,VND
2015-03-26,9753.0,9820.0,9686.0,9753.0,64288,VND
2015-03-27,9888.0,9888.0,9619.0,9619.0,103712,VND
2015-03-30,9619.0,9686.0,9551.0,9551.0,143360,VND
2015-03-31,9551.0,9686.0,9551.0,9686.0,23822,VND
2015-04-01,9619.0,9619.0,9417.0,9417.0,164998,VND
2015-04-02,9417.0,9686.0,9417.0,9619.0,43011,VND
2015-04-03,9686.0,9686.0,9551.0,9619.0,62160,VND
2015-04-06,9551.0,9888.0,9551.0,9753.0,187600,VND
2015-04-07,9753.0,9955.0,9753.0,9888.0,166880,VND
2015-04-08,9888.0,10089.0,9888.0,10089.0,160776,VND
2015-04-09,10157.0,10426.0,10089.0,10359.0,185752,VND
2015-04-10,10426.0,10426.0,10359.0,10426.0,125798,VND
2015-04-13,10089.0,10224.0,9888.0,10022.0,26768,VND
2015-04-14,10022.0,10022.0,9753.0,9955.0,42448,VND
2015-04-15,9820.0,9955.0,9820.0,9888.0,51632,VND
2015-04-16,10022.0,10157.0,9955.0,10022.0,9632,VND
2015-04-17,10157.0,10157.0,9888.0,9955.0,43680,VND
2015-04-20,10022.0,10157.0,9820.0,9888.0,15120,VND
2015-04-21,9888.0,10022.0,9820.0,9820.0,42112,VND
2015-04-22,9888.0,9888.0,9686.0,9753.0,77594,VND
2015-04-23,9753.0,9820.0,9686.0,9820.0,80517,VND
2015-04-24,9753.0,9888.0,9753.0,9820.0,49504,VND
2015-04-27,9888.0,10089.0,9686.0,9955.0,66976,VND
2015-05-04,9820.0,10157.0,9417.0,9551.0,209440,VND
2015-05-05,9551.0,9619.0,9350.0,9619.0,230608,VND
2015-05-06,9619.0,9753.0,9551.0,9619.0,70560,VND
2015-05-07,9619.0,9820.0,9619.0,9820.0,46122,VND
2015-05-08,9820.0,9820.0,9551.0,9753.0,36333,VND
2015-05-11,9619.0,9619.0,9484.0,9484.0,6843,VND
2015-05-12,9484.0,9551.0,9417.0,9551.0,37184,VND
2015-05-13,9619.0,9619.0,9417.0,9484.0,5149,VND
2015-05-14,9484.0,9619.0,9484.0,9551.0,4203,VND
2015-05-15,9551.0,9551.0,9350.0,9484.0,36042,VND
2015-05-18,9350.0,9350.0,9215.0,9350.0,21862,VND
2015-05-19,9350.0,9619.0,9282.0,9619.0,97440,VND
2015-05-20,9551.0,9753.0,9551.0,9753.0,17640,VND
2015-05-21,9619.0,9619.0,9484.0,9551.0,35952,VND
2015-05-22,9484.0,9753.0,9484.0,9753.0,34272,VND
2015-05-25,9820.0,9820.0,9551.0,9753.0,24864,VND
2015-05-26,9753.0,9955.0,9686.0,9888.0,52307,VND
2015-05-27,9753.0,9888.0,9686.0,9888.0,24886,VND
2015-05-28,9820.0,9888.0,9820.0,9888.0,12723,VND
2015-05-29,9686.0,9888.0,9686.0,9820.0,70896,VND
2015-06-01,9955.0,9955.0,9820.0,9820.0,63403,VND
2015-06-02,10089.0,10089.0,9820.0,9820.0,43382,VND
2015-06-03,9820.0,9955.0,9820.0,9888.0,119009,VND
2015-06-04,9955.0,10022.0,9619.0,9820.0,75040,VND
2015-06-05,9753.0,9888.0,9686.0,9820.0,72753,VND
2015-06-08,9888.0,9955.0,9888.0,9955.0,93755,VND
2015-06-09,9888.0,9955.0,9888.0,9888.0,52819,VND
2015-06-10,10474.0,10474.0,9888.0,9888.0,53099,VND
2015-06-11,9961.0,10107.0,9961.0,9961.0,24080,VND
2015-06-12,10034.0,10034.0,9888.0,9961.0,48171,VND
2015-06-15,9961.0,9961.0,9741.0,9814.0,45842,VND
2015-06-16,9814.0,9961.0,9741.0,9741.0,14381,VND
2015-06-17,9741.0,9814.0,9595.0,9814.0,63280,VND
2015-06-18,9741.0,9888.0,9741.0,9888.0,6317,VND
2015-06-19,9888.0,9888.0,9668.0,9814.0,6048,VND
2015-06-22,9814.0,9814.0,9668.0,9668.0,18939,VND
2015-06-23,9668.0,9814.0,9668.0,9814.0,35728,VND
2015-06-24,9814.0,9814.0,9814.0,9814.0,11760,VND
2015-06-25,9741.0,9814.0,9741.0,9741.0,27135,VND
2015-06-26,9741.0,9741.0,9595.0,9595.0,56784,VND
2015-06-29,9595.0,9741.0,9448.0,9741.0,59315,VND
2015-06-30,9668.0,9741.0,9521.0,9741.0,78602,VND
2015-07-01,9668.0,9668.0,9668.0,9668.0,1344,VND
2015-07-02,9448.0,9741.0,9448.0,9595.0,54264,VND
2015-07-03,9668.0,9741.0,9595.0,9595.0,32245,VND
2015-07-06,9668.0,9741.0,9595.0,9741.0,26096,VND
2015-07-07,9595.0,9814.0,9595.0,9668.0,35056,VND
2015-07-08,9741.0,9741.0,9595.0,9668.0,53088,VND
2015-07-09,9668.0,9668.0,9595.0,9668.0,10080,VND
2015-07-10,9668.0,9668.0,9595.0,9595.0,36763,VND
2015-07-13,9668.0,9668.0,9521.0,9595.0,22001,VND
2015-07-14,9668.0,9668.0,9521.0,9668.0,40768,VND
2015-07-15,9521.0,9595.0,9448.0,9448.0,23647,VND
2015-07-16,9448.0,9448.0,9375.0,9448.0,29232,VND
2015-07-17,9375.0,9521.0,9375.0,9375.0,15147,VND
2015-07-20,9448.0,9448.0,9229.0,9448.0,6552,VND
2015-07-21,9448.0,9448.0,9302.0,9375.0,40002,VND
2015-07-22,9302.0,9375.0,9302.0,9375.0,35056,VND
2015-07-23,9302.0,9521.0,9302.0,9448.0,36344,VND
2015-07-24,9448.0,9448.0,9375.0,9375.0,32911,VND
2015-07-27,9302.0,9302.0,9229.0,9229.0,16352,VND
2015-07-28,9155.0,9448.0,9155.0,9155.0,14475,VND
2015-07-29,9302.0,9448.0,9302.0,9302.0,52528,VND
2015-07-30,9302.0,9448.0,9302.0,9375.0,6944,VND
2015-07-31,9375.0,9521.0,9302.0,9521.0,20832,VND
2015-08-03,9375.0,9375.0,9082.0,9375.0,32686,VND
2015-08-04,9229.0,9375.0,9155.0,9302.0,28112,VND
2015-08-05,9229.0,9375.0,9082.0,9375.0,20395,VND
2015-08-06,9302.0,9375.0,9302.0,9302.0,7336,VND
2015-08-07,9302.0,9448.0,9302.0,9375.0,24304,VND
2015-08-10,9521.0,9521.0,9302.0,9448.0,100016,VND
2015-08-11,9448.0,9521.0,9448.0,9448.0,34397,VND
2015-08-12,9155.0,9375.0,9155.0,9375.0,8854,VND
2015-08-13,9155.0,9375.0,9155.0,9155.0,30688,VND
2015-08-14,9375.0,9375.0,9155.0,9155.0,27664,VND
2015-08-17,8789.0,9448.0,8789.0,9155.0,21168,VND
2015-08-18,9229.0,9302.0,9082.0,9302.0,55328,VND
2015-08-19,9302.0,9302.0,9155.0,9155.0,42000,VND
2015-08-20,9155.0,9155.0,9082.0,9082.0,33376,VND
2015-08-21,9009.0,9302.0,8936.0,9302.0,72934,VND
2015-08-24,9082.0,9082.0,8496.0,8789.0,50400,VND
2015-08-25,8423.0,8936.0,8423.0,8789.0,33712,VND
2015-08-26,8936.0,9155.0,8862.0,8936.0,28784,VND
2015-08-27,9009.0,9155.0,9009.0,9009.0,18816,VND
2015-08-28,8862.0,9229.0,8862.0,9009.0,33600,VND
2015-08-31,9009.0,9229.0,9009.0,9229.0,10528,VND
2015-09-01,8350.0,9302.0,8350.0,9302.0,4928,VND
2015-09-03,9229.0,9229.0,9009.0,9009.0,1232,VND
2015-09-04,9229.0,9302.0,9009.0,9302.0,7280,VND
2015-09-07,9082.0,9155.0,8789.0,9155.0,6272,VND
2015-09-08,9082.0,9229.0,9082.0,9155.0,13328,VND
2015-09-09,9155.0,9302.0,9155.0,9155.0,5376,VND
2015-09-10,9155.0,9229.0,9155.0,9229.0,51072,VND
2015-09-11,9302.0,9302.0,9155.0,9155.0,15792,VND
2015-09-14,9155.0,9302.0,9082.0,9082.0,27619,VND
2015-09-15,9229.0,9229.0,9155.0,9155.0,5331,VND
2015-09-16,9155.0,9229.0,9155.0,9229.0,16464,VND
2015-09-17,9448.0,9448.0,9302.0,9302.0,4144,VND
2015-09-18,9375.0,9375.0,9155.0,9302.0,10416,VND
2015-09-21,9302.0,9375.0,9302.0,9375.0,2352,VND
2015-09-22,9375.0,9448.0,9302.0,9448.0,66304,VND
2015-09-23,9448.0,9521.0,9448.0,9521.0,166880,VND
2015-09-24,9521.0,9668.0,9448.0,9521.0,144592,VND
2015-09-25,9521.0,9521.0,9521.0,9521.0,336,VND
2015-09-28,9448.0,9448.0,9375.0,9375.0,8960,VND
2015-09-29,9155.0,9448.0,9082.0,9448.0,2912,VND
2015-09-30,9302.0,9448.0,9302.0,9448.0,6832,VND
2015-10-01,9229.0,9375.0,9229.0,9229.0,22176,VND
2015-10-02,9375.0,9521.0,9229.0,9302.0,24304,VND
2015-10-05,9375.0,9448.0,9229.0,9229.0,30990,VND
2015-10-06,9302.0,9375.0,9229.0,9375.0,21168,VND
2015-10-07,9229.0,9375.0,9229.0,9375.0,8064,VND
2015-10-08,9302.0,9302.0,9302.0,9302.0,11346,VND
2015-10-09,9229.0,9229.0,9229.0,9229.0,14000,VND
2015-10-12,9229.0,9375.0,9155.0,9375.0,54320,VND
2015-10-13,9375.0,9375.0,9229.0,9229.0,15904,VND
2015-10-14,9375.0,9375.0,9229.0,9229.0,1146,VND
2015-10-15,9229.0,9229.0,9229.0,9229.0,104496,VND
2015-10-16,9302.0,9448.0,9302.0,9448.0,72016,VND
2015-10-19,9448.0,9521.0,9375.0,9375.0,47152,VND
2015-10-20,9375.0,9375.0,9155.0,9302.0,53984,VND
2015-10-21,9302.0,9302.0,9229.0,9229.0,5712,VND
2015-10-22,9302.0,9302.0,9229.0,9302.0,18151,VND
2015-10-23,9229.0,9521.0,9229.0,9229.0,48927,VND
2015-10-26,9229.0,9521.0,9229.0,9448.0,49168,VND
2015-10-27,9375.0,9375.0,9302.0,9302.0,10181,VND
2015-10-28,9375.0,9448.0,9375.0,9448.0,19712,VND
2015-10-29,9302.0,9668.0,9302.0,9595.0,72016,VND
2015-10-30,9448.0,9888.0,9375.0,9888.0,206704,VND
2015-11-02,9888.0,9961.0,9741.0,9961.0,202496,VND
2015-11-03,9888.0,10254.0,9888.0,10254.0,273392,VND
2015-11-04,10034.0,10181.0,9888.0,9888.0,153216,VND
2015-11-05,9814.0,9961.0,9741.0,9888.0,68880,VND
2015-11-06,9814.0,9814.0,9448.0,9814.0,86912,VND
2015-11-09,9741.0,9741.0,9521.0,9521.0,52192,VND
2015-11-10,9521.0,9521.0,9375.0,9521.0,31920,VND
2015-11-11,9521.0,9888.0,9448.0,9668.0,188544,VND
2015-11-12,9668.0,9668.0,9375.0,9595.0,114274,VND
2015-11-13,9595.0,9668.0,9521.0,9595.0,51856,VND
2015-11-16,9521.0,9521.0,9375.0,9375.0,77442,VND
2015-11-17,9448.0,9521.0,9375.0,9448.0,38304,VND
2015-11-18,9448.0,9448.0,9375.0,9448.0,29299,VND
2015-11-19,9375.0,9521.0,9375.0,9448.0,45043,VND
2015-11-20,9375.0,9521.0,9375.0,9521.0,58893,VND
2015-11-23,9521.0,9668.0,9448.0,9521.0,184512,VND
2015-11-24,9595.0,9595.0,9448.0,9521.0,79722,VND
2015-11-25,9521.0,9521.0,9448.0,9448.0,14672,VND
2015-11-26,9375.0,9521.0,9375.0,9521.0,39984,VND
2015-11-27,9375.0,9448.0,9302.0,9448.0,26432,VND
2015-11-30,9375.0,9375.0,9302.0,9375.0,73024,VND
2015-12-01,9375.0,9375.0,9302.0,9302.0,22064,VND
2015-12-02,9521.0,9521.0,9302.0,9375.0,21336,VND
2015-12-03,9375.0,9375.0,9375.0,9375.0,13552,VND
2015-12-04,9375.0,9375.0,9302.0,9302.0,22400,VND
2015-12-07,9229.0,9302.0,9229.0,9302.0,18592,VND
2015-12-08,9302.0,9375.0,9229.0,9375.0,11290,VND
2015-12-09,9302.0,9375.0,9229.0,9302.0,47376,VND
2015-12-10,9229.0,9302.0,9229.0,9302.0,2296,VND
2015-12-11,9155.0,9155.0,8423.0,9009.0,302848,VND
2015-12-14,9009.0,9009.0,8936.0,9009.0,13776,VND
2015-12-15,9155.0,9155.0,9009.0,9155.0,16576,VND
2015-12-16,9082.0,9229.0,9082.0,9229.0,15008,VND
2015-12-17,9229.0,9302.0,9155.0,9229.0,24797,VND
2015-12-18,9155.0,9155.0,9155.0,9155.0,95760,VND
2015-12-21,9155.0,9155.0,9009.0,9082.0,18256,VND
2015-12-22,9082.0,9082.0,9009.0,9009.0,15680,VND
2015-12-23,9082.0,9082.0,8936.0,8936.0,8523,VND
2015-12-24,9375.0,9375.0,8936.0,9302.0,3147,VND
2015-12-25,9009.0,9302.0,8936.0,9302.0,18704,VND
2015-12-28,9009.0,9302.0,9009.0,9155.0,40208,VND
2015-12-29,9155.0,9155.0,9155.0,9155.0,35168,VND
2015-12-30,9155.0,9302.0,9155.0,9229.0,17699,VND
2015-12-31,9229.0,9521.0,9082.0,9521.0,50792,VND
2016-01-04,9302.0,9521.0,9229.0,9375.0,37269,VND
2016-01-05,9375.0,9375.0,9229.0,9229.0,336,VND
2016-01-06,9155.0,9375.0,9155.0,9229.0,2733,VND
2016-01-07,9521.0,9521.0,8789.0,8789.0,36288,VND
2016-01-08,8789.0,8936.0,8716.0,8789.0,84336,VND
2016-01-11,8789.0,8862.0,8789.0,8789.0,9296,VND
2016-01-12,9082.0,9155.0,8789.0,8789.0,8154,VND
2016-01-13,8789.0,8936.0,8789.0,8936.0,24640,VND
2016-01-14,8789.0,8862.0,8789.0,8862.0,6048,VND
2016-01-15,8789.0,8862.0,8716.0,8789.0,6065,VND
2016-01-18,8423.0,8569.0,8057.0,8569.0,13446,VND
2016-01-19,8423.0,8569.0,8423.0,8569.0,672,VND
2016-01-20,8569.0,8569.0,8496.0,8569.0,21280,VND
2016-01-21,8496.0,8716.0,8496.0,8716.0,35784,VND
2016-01-22,8936.0,8936.0,8496.0,8862.0,54824,VND
2016-01-25,8936.0,9302.0,8862.0,9082.0,97216,VND
2016-01-26,8716.0,9009.0,8716.0,9009.0,18816,VND
2016-01-27,9009.0,9155.0,9009.0,9155.0,26656,VND
2016-01-28,9009.0,9082.0,8862.0,8936.0,41664,VND
2016-01-29,8936.0,9082.0,8936.0,9082.0,10528,VND
2016-02-01,9229.0,9229.0,9009.0,9009.0,33600,VND
2016-02-02,9009.0,9082.0,8936.0,9082.0,21616,VND
2016-02-03,8936.0,9155.0,8936.0,9155.0,4368,VND
2016-02-04,9155.0,9155.0,8936.0,8936.0,31136,VND
2016-02-05,9302.0,9302.0,9302.0,9302.0,560,VND
2016-02-15,9155.0,9155.0,8936.0,9155.0,17158,VND
2016-02-16,9229.0,9302.0,9155.0,9229.0,5947,VND
2016-02-17,9155.0,9302.0,9082.0,9229.0,10976,VND
2016-02-18,9302.0,9302.0,9082.0,9082.0,34272,VND
2016-02-19,9229.0,9229.0,9009.0,9009.0,36512,VND
2016-02-22,9009.0,9229.0,9009.0,9229.0,26320,VND
2016-02-23,9009.0,9229.0,9009.0,9229.0,3696,VND
2016-02-24,9009.0,9229.0,9009.0,9229.0,39984,VND
2016-02-25,9375.0,9375.0,9082.0,9155.0,15008,VND
2016-02-26,9155.0,9229.0,9155.0,9155.0,59158,VND
2016-02-29,9009.0,9155.0,9009.0,9155.0,560,VND
2016-03-01,9009.0,9229.0,9009.0,9229.0,95872,VND
2016-03-02,9155.0,9229.0,9009.0,9009.0,63056,VND
2016-03-03,9082.0,9155.0,9082.0,9155.0,26891,VND
2016-03-04,9229.0,9229.0,9155.0,9229.0,6272,VND
2016-03-07,8862.0,9302.0,8862.0,9229.0,5376,VND
2016-03-08,9155.0,9155.0,9082.0,9155.0,8495,VND
2016-03-09,9229.0,9229.0,9229.0,9229.0,190,VND
2016-03-10,9009.0,9155.0,9009.0,9155.0,2493,VND
2016-03-11,9009.0,9155.0,8936.0,9155.0,44240,VND
2016-03-14,9009.0,9155.0,8936.0,9082.0,50322,VND
2016-03-15,9082.0,9082.0,8936.0,9009.0,36624,VND
2016-03-16,8936.0,9082.0,8936.0,9082.0,6853,VND
2016-03-17,9155.0,9155.0,9082.0,9155.0,24893,VND
2016-03-18,9229.0,9229.0,8936.0,9155.0,68690,VND
2016-03-21,8936.0,9082.0,8936.0,9009.0,12656,VND
2016-03-22,8862.0,9082.0,8862.0,9082.0,74570,VND
2016-03-23,9009.0,9229.0,9009.0,9229.0,119757,VND
2016-03-24,9229.0,9229.0,8936.0,9229.0,22198,VND
2016-03-25,9155.0,9155.0,8936.0,8936.0,34720,VND
2016-03-28,9155.0,9155.0,8936.0,9082.0,38670,VND
2016-03-29,9082.0,9155.0,8862.0,8862.0,61152,VND
2016-03-30,9082.0,9082.0,8862.0,8862.0,42896,VND
2016-03-31,8789.0,9082.0,8789.0,9082.0,29037,VND
2016-04-01,9009.0,9009.0,8789.0,8862.0,100072,VND
2016-04-04,8423.0,9009.0,8423.0,8862.0,38752,VND
2016-04-05,8789.0,8862.0,8789.0,8789.0,14784,VND
2016-04-06,9009.0,9009.0,8716.0,8936.0,1982,VND
2016-04-07,9009.0,9009.0,9009.0,9009.0,112,VND
2016-04-11,8862.0,8862.0,8789.0,8862.0,6608,VND
2016-04-12,8862.0,8936.0,8789.0,8936.0,63280,VND
2016-04-13,8789.0,8936.0,8789.0,8936.0,11984,VND
2016-04-14,8936.0,8936.0,8789.0,8862.0,85243,VND
2016-04-15,8862.0,9155.0,8862.0,8862.0,72951,VND
2016-04-19,8789.0,8789.0,8716.0,8789.0,25424,VND
2016-04-20,8789.0,9009.0,8789.0,9009.0,6944,VND
2016-04-21,8716.0,9009.0,8716.0,9009.0,30901,VND
2016-04-22,8789.0,8936.0,8789.0,8862.0,83216,VND
2016-04-25,8789.0,8789.0,8789.0,8789.0,133930,VND
2016-04-26,8789.0,8862.0,8716.0,8862.0,58464,VND
2016-04-27,8643.0,8936.0,8643.0,8789.0,2587,VND
2016-04-28,8716.0,8862.0,8716.0,8789.0,12992,VND
2016-04-29,8789.0,8789.0,8643.0,8789.0,49603,VND
2016-05-04,8862.0,8862.0,8716.0,8789.0,40544,VND
2016-05-05,8716.0,8789.0,8716.0,8789.0,52287,VND
2016-05-06,8789.0,8789.0,8716.0,8789.0,58542,VND
2016-05-09,8716.0,8789.0,8716.0,8789.0,12432,VND
2016-05-10,8789.0,8789.0,8716.0,8789.0,15765,VND
2016-05-11,8789.0,8789.0,8643.0,8716.0,16912,VND
2016-05-12,8716.0,8789.0,8643.0,8789.0,2800,VND
2016-05-13,8716.0,8789.0,8716.0,8789.0,1792,VND
2016-05-16,8643.0,8789.0,8643.0,8789.0,1232,VND
2016-05-17,8716.0,8862.0,8716.0,8716.0,6664,VND
2016-05-18,8789.0,8789.0,8643.0,8716.0,5230,VND
2016-05-19,8716.0,8716.0,8716.0,8716.0,4536,VND
2016-05-20,8716.0,8716.0,8643.0,8643.0,8848,VND
2016-05-23,8643.0,8643.0,8569.0,8569.0,30688,VND
2016-05-24,8569.0,8716.0,8496.0,8716.0,17248,VND
2016-05-25,8569.0,8716.0,8350.0,8716.0,11872,VND
2016-05-26,8423.0,8716.0,8423.0,8716.0,384,VND
2016-05-27,8423.0,8716.0,8423.0,8716.0,562,VND
2016-05-30,8716.0,8789.0,8569.0,8789.0,40432,VND
2016-05-31,8716.0,8789.0,8569.0,8789.0,16520,VND
2016-06-01,8716.0,8716.0,8643.0,8716.0,44677,VND
2016-06-02,8643.0,8789.0,8569.0,8716.0,23744,VND
2016-06-03,8789.0,8789.0,8643.0,8643.0,14336,VND
2016-06-06,8716.0,8716.0,8569.0,8569.0,7056,VND
2016-06-07,8716.0,8716.0,8643.0,8643.0,46592,VND
2016-06-08,8643.0,8716.0,8643.0,8716.0,7065,VND
2016-06-09,8716.0,8716.0,8569.0,8643.0,5040,VND
2016-06-10,8569.0,9082.0,8569.0,9082.0,71008,VND
2016-06-13,9155.0,9155.0,8789.0,9009.0,75768,VND
2016-06-14,8716.0,9082.0,8716.0,8862.0,2520,VND
2016-06-15,8789.0,8789.0,8643.0,8643.0,10304,VND
2016-06-16,8643.0,8862.0,8643.0,8862.0,9408,VND
2016-06-17,8862.0,8862.0,8716.0,8716.0,4256,VND
2016-06-20,8862.0,8862.0,8862.0,8862.0,146,VND
2016-06-21,8643.0,8789.0,8569.0,8789.0,7647,VND
2016-06-22,8569.0,9082.0,8569.0,8789.0,14627,VND
2016-06-23,8643.0,8789.0,8643.0,8789.0,6086,VND
2016-06-24,8789.0,8789.0,8496.0,8643.0,10304,VND
2016-06-27,8496.0,8716.0,8496.0,8716.0,2352,VND
2016-06-28,8789.0,8789.0,8716.0,8716.0,874,VND
2016-06-29,8789.0,8862.0,8569.0,8716.0,2878,VND
2016-06-30,8862.0,8936.0,8203.0,8936.0,17920,VND
2016-07-01,8789.0,8862.0,8643.0,8716.0,35694,VND
2016-07-04,8941.0,8941.0,8777.0,8777.0,11800,VND
2016-07-05,8777.0,8859.0,8777.0,8777.0,3700,VND
2016-07-06,8859.0,8859.0,8695.0,8777.0,1500,VND
2016-07-07,8859.0,8859.0,8695.0,8777.0,26600,VND
2016-07-08,7957.0,8777.0,7957.0,8777.0,6786,VND
2016-07-11,8941.0,8941.0,8203.0,8613.0,13400,VND
2016-07-12,8777.0,8777.0,8285.0,8695.0,3804,VND
2016-07-13,8777.0,8777.0,8449.0,8777.0,11670,VND
2016-07-14,8777.0,8777.0,8613.0,8613.0,4120,VND
2016-07-15,8695.0,8695.0,8449.0,8613.0,2870,VND
2016-07-18,8777.0,8777.0,8449.0,8613.0,5969,VND
2016-07-19,8695.0,8695.0,8449.0,8695.0,17300,VND
2016-07-20,8777.0,8777.0,8449.0,8695.0,600,VND
2016-07-21,8367.0,8695.0,8367.0,8695.0,3200,VND
2016-07-22,8695.0,8695.0,8285.0,8613.0,400,VND
2016-07-25,8695.0,8695.0,8695.0,8695.0,300,VND
2016-07-26,8777.0,8777.0,8285.0,8531.0,8750,VND
2016-07-27,8695.0,8695.0,8285.0,8613.0,5100,VND
2016-07-28,8203.0,8613.0,8203.0,8613.0,550,VND
2016-07-29,8613.0,8613.0,8285.0,8613.0,12264,VND
2016-08-01,8531.0,8613.0,8203.0,8613.0,14600,VND
2016-08-02,8203.0,8613.0,8203.0,8613.0,21900,VND
2016-08-03,8121.0,8367.0,8121.0,8367.0,12270,VND
2016-08-04,8121.0,8367.0,8121.0,8367.0,31900,VND
2016-08-05,8121.0,8285.0,8039.0,8285.0,10390,VND
2016-08-08,8449.0,8531.0,8449.0,8531.0,1372,VND
2016-08-09,8531.0,8531.0,8531.0,8531.0,1428,VND
2016-08-11,7957.0,8531.0,7875.0,8531.0,30100,VND
2016-08-12,8203.0,8531.0,8203.0,8367.0,11700,VND
2016-08-15,9200.0,9200.0,9200.0,9200.0,0,VND
2016-08-16,8039.0,8121.0,8039.0,8121.0,32100,VND
2016-08-17,8121.0,8121.0,7957.0,7957.0,13820,VND
2016-08-18,8039.0,8039.0,7957.0,7957.0,1750,VND
2016-08-19,7875.0,7957.0,7875.0,7957.0,900,VND
2016-08-22,8285.0,8285.0,8285.0,8285.0,125,VND
2016-08-23,7793.0,8121.0,7793.0,8121.0,660,VND
2016-08-24,8203.0,8203.0,7793.0,8203.0,6000,VND
2016-08-26,7793.0,8121.0,7793.0,8121.0,2578,VND
2016-08-29,7629.0,7957.0,7629.0,7875.0,23785,VND
2016-08-30,7547.0,7711.0,7547.0,7629.0,9739,VND
2016-08-31,7711.0,7793.0,7629.0,7711.0,17950,VND
2016-09-01,7793.0,7793.0,7629.0,7711.0,2525,VND
2016-09-05,7793.0,7793.0,7547.0,7711.0,965,VND
2016-09-06,7383.0,7711.0,7383.0,7711.0,2862,VND
2016-09-07,7629.0,7711.0,7629.0,7711.0,7204,VND
2016-09-08,7547.0,7711.0,7547.0,7711.0,1003,VND
2016-09-09,7629.0,7711.0,7629.0,7711.0,1100,VND
2016-09-12,7711.0,7711.0,7711.0,7711.0,600,VND
2016-09-13,7711.0,7711.0,7629.0,7711.0,1200,VND
2016-09-14,7711.0,7711.0,7383.0,7711.0,1600,VND
2016-09-15,7711.0,7711.0,7711.0,7711.0,110,VND
2016-09-19,7383.0,7711.0,7383.0,7711.0,2400,VND
2016-09-20,7465.0,7465.0,7383.0,7383.0,4160,VND
2016-09-21,7383.0,7383.0,7301.0,7301.0,8732,VND
2016-09-22,7383.0,7957.0,7301.0,7547.0,13148,VND
2016-09-23,7547.0,7547.0,7383.0,7547.0,13400,VND
2016-09-26,7547.0,7547.0,7219.0,7301.0,1600,VND
2016-09-27,7219.0,7547.0,7219.0,7547.0,6300,VND
2016-09-28,7465.0,7547.0,7219.0,7547.0,3876,VND
2016-09-29,7629.0,7957.0,7383.0,7547.0,3944,VND
2016-09-30,7383.0,7547.0,7301.0,7301.0,15031,VND
2016-10-03,7301.0,7547.0,7301.0,7301.0,1813,VND
2016-10-04,7383.0,7547.0,7219.0,7547.0,7372,VND
2016-10-05,7465.0,7465.0,7301.0,7301.0,2998,VND
2016-10-06,7301.0,7465.0,7301.0,7465.0,608,VND
2016-10-07,7465.0,7465.0,7465.0,7465.0,138,VND
2016-10-10,7301.0,7383.0,7219.0,7301.0,11612,VND
2016-10-11,7301.0,7383.0,7219.0,7383.0,14236,VND
2016-10-12,7219.0,7383.0,7137.0,7383.0,3383,VND
2016-10-13,7383.0,7383.0,7219.0,7219.0,5810,VND
2016-10-14,7383.0,7711.0,7301.0,7547.0,1460,VND
2016-10-17,7301.0,7547.0,7301.0,7465.0,13000,VND
2016-10-18,7383.0,7383.0,7219.0,7301.0,5556,VND
2016-10-19,7219.0,7547.0,7219.0,7547.0,6053,VND
2016-10-20,7465.0,7465.0,7219.0,7383.0,4690,VND
2016-10-21,7383.0,7383.0,7219.0,7219.0,500,VND
2016-10-24,7301.0,7301.0,7219.0,7301.0,5200,VND
2016-10-25,7383.0,7383.0,7055.0,7219.0,1738,VND
2016-10-26,6973.0,7301.0,6891.0,6891.0,1405,VND
2016-10-27,7055.0,7301.0,6973.0,7301.0,12410,VND
2016-10-28,7219.0,7383.0,7137.0,7383.0,13600,VND
2016-10-31,7301.0,7301.0,7055.0,7137.0,15838,VND
2016-11-01,7219.0,7301.0,7219.0,7301.0,2856,VND
2016-11-04,7383.0,7383.0,6645.0,7055.0,15542,VND
2016-11-07,6973.0,7137.0,6973.0,7137.0,21100,VND
2016-11-08,7137.0,7383.0,6973.0,7137.0,2600,VND
2016-11-09,6973.0,6973.0,6973.0,6973.0,2324,VND
2016-11-10,6973.0,7219.0,6973.0,7219.0,700,VND
2016-11-11,7219.0,7219.0,7137.0,7219.0,3864,VND
2016-11-14,6891.0,6973.0,6891.0,6891.0,113677,VND
2016-11-15,6891.0,6891.0,6891.0,6891.0,79700,VND
2016-11-16,6891.0,6973.0,6891.0,6973.0,64406,VND
2016-11-17,6891.0,6891.0,6727.0,6891.0,44300,VND
2016-11-18,6891.0,6891.0,6727.0,6809.0,88859,VND
2016-11-21,6973.0,6973.0,6809.0,6973.0,4708,VND
2016-11-22,6891.0,6891.0,6809.0,6891.0,29020,VND
2016-11-23,6891.0,6891.0,6809.0,6891.0,17440,VND
2016-11-24,6809.0,6891.0,6727.0,6809.0,63560,VND
2016-11-25,6727.0,6809.0,6727.0,6727.0,13600,VND
2016-11-28,6809.0,6891.0,6562.0,6891.0,20018,VND
2016-11-29,6727.0,6727.0,6727.0,6727.0,1000,VND
2016-11-30,6562.0,6727.0,6562.0,6727.0,5256,VND
2016-12-01,6562.0,6562.0,6562.0,6562.0,17500,VND
2016-12-02,6645.0,6645.0,6562.0,6562.0,12825,VND
2016-12-05,6727.0,6727.0,6562.0,6645.0,9700,VND
2016-12-06,6562.0,6562.0,6562.0,6562.0,11605,VND
2016-12-07,6480.0,6480.0,6398.0,6480.0,13800,VND
2016-12-08,6480.0,6480.0,6398.0,6480.0,6728,VND
2016-12-09,6398.0,6480.0,6398.0,6480.0,11600,VND
2016-12-12,6234.0,6234.0,6234.0,6234.0,1000,VND
2016-12-13,6234.0,6480.0,6234.0,6480.0,1878,VND
2016-12-14,6480.0,6480.0,6398.0,6480.0,3754,VND
2016-12-15,6480.0,6562.0,6480.0,6562.0,1000,VND
2016-12-16,6398.0,6480.0,6398.0,6480.0,631,VND
2016-12-19,6562.0,6562.0,6480.0,6562.0,2300,VND
2016-12-20,6480.0,6562.0,6398.0,6480.0,6249,VND
2016-12-21,6562.0,6645.0,6398.0,6562.0,10300,VND
2016-12-22,6316.0,6562.0,6316.0,6562.0,10548,VND
2016-12-23,6398.0,6645.0,6316.0,6562.0,11211,VND
2016-12-26,6152.0,6152.0,6152.0,6152.0,3400,VND
2016-12-27,6480.0,6562.0,6480.0,6562.0,373,VND
2016-12-28,6152.0,6562.0,6152.0,6562.0,3162,VND
2016-12-29,6562.0,6562.0,6562.0,6562.0,100,VND
2016-12-30,6316.0,6562.0,5988.0,6562.0,8020,VND
2017-01-03,6234.0,6480.0,5988.0,6480.0,18046,VND
2017-01-04,6234.0,6480.0,5988.0,6398.0,29700,VND
2017-01-05,6480.0,6480.0,6480.0,6480.0,120,VND
2017-01-06,5988.0,6480.0,5988.0,6480.0,9195,VND
2017-01-09,6070.0,6480.0,5906.0,6234.0,51014,VND
2017-01-10,6234.0,6398.0,6234.0,6398.0,5501,VND
2017-01-11,6480.0,6973.0,6398.0,6727.0,2564,VND
2017-01-12,6727.0,6727.0,6398.0,6398.0,3400,VND
2017-01-13,6316.0,6398.0,6234.0,6398.0,4600,VND
2017-01-16,6480.0,6480.0,6398.0,6480.0,3800,VND
2017-01-17,6480.0,6480.0,6398.0,6480.0,3029,VND
2017-01-18,6480.0,6480.0,6480.0,6480.0,256,VND
2017-01-19,6398.0,6480.0,6152.0,6398.0,13400,VND
2017-01-20,6480.0,6480.0,6480.0,6480.0,800,VND
2017-01-23,6398.0,6398.0,6070.0,6316.0,14300,VND
2017-01-24,6316.0,6480.0,6234.0,6316.0,36300,VND
2017-01-25,6234.0,6398.0,6152.0,6316.0,15610,VND
2017-02-02,6234.0,6480.0,6234.0,6480.0,8600,VND
2017-02-03,6480.0,6480.0,6398.0,6480.0,17800,VND
2017-02-06,6152.0,6562.0,6152.0,6480.0,26136,VND
2017-02-07,6398.0,6480.0,6398.0,6480.0,700,VND
2017-02-08,6398.0,6480.0,6398.0,6480.0,28210,VND
2017-02-09,6480.0,6480.0,6234.0,6480.0,51100,VND
2017-02-10,6152.0,6562.0,6152.0,6562.0,20740,VND
2017-02-13,6398.0,6562.0,6398.0,6562.0,43500,VND
2017-02-14,6645.0,6973.0,6562.0,6645.0,4655,VND
2017-02-15,6562.0,6645.0,6480.0,6480.0,3758,VND
2017-02-16,6480.0,6727.0,6480.0,6727.0,14366,VND
2017-02-17,6480.0,6562.0,6398.0,6562.0,4332,VND
2017-02-20,6973.0,6973.0,6480.0,6480.0,8314,VND
2017-02-21,6480.0,6480.0,6398.0,6480.0,11109,VND
2017-02-22,6398.0,6562.0,6398.0,6480.0,56818,VND
2017-02-23,6480.0,6645.0,6480.0,6645.0,49300,VND
2017-02-24,6562.0,6645.0,6480.0,6645.0,13405,VND
2017-02-27,6562.0,6727.0,6480.0,6480.0,9901,VND
2017-02-28,6480.0,6645.0,6398.0,6480.0,10933,VND
2017-03-01,6562.0,6562.0,6480.0,6480.0,1400,VND
2017-03-02,6480.0,6480.0,6480.0,6480.0,7856,VND
2017-03-03,6398.0,6480.0,6398.0,6480.0,3324,VND
2017-03-06,6480.0,6645.0,6398.0,6480.0,26000,VND
2017-03-07,6398.0,6562.0,6316.0,6562.0,8300,VND
2017-03-08,6480.0,6480.0,6316.0,6398.0,43702,VND
2017-03-09,6480.0,6562.0,6480.0,6480.0,34100,VND
2017-03-10,6480.0,6727.0,6480.0,6645.0,90972,VND
2017-03-13,6727.0,6727.0,6645.0,6727.0,34402,VND
2017-03-14,6645.0,6727.0,6480.0,6727.0,16000,VND
2017-03-15,6645.0,6645.0,6398.0,6562.0,43267,VND
2017-03-16,6480.0,6562.0,6480.0,6562.0,18338,VND
2017-03-17,6562.0,6645.0,6480.0,6645.0,14700,VND
2017-03-20,6645.0,6727.0,6562.0,6727.0,51700,VND
2017-03-21,6645.0,6727.0,6562.0,6645.0,83400,VND
2017-03-22,6809.0,6891.0,6645.0,6645.0,34360,VND
2017-03-23,6727.0,6727.0,6562.0,6645.0,17200,VND
2017-03-24,6645.0,6645.0,6562.0,6562.0,96261,VND
2017-03-27,6562.0,6645.0,6562.0,6645.0,2400,VND
2017-03-28,6562.0,6727.0,6480.0,6562.0,38640,VND
2017-03-29,6480.0,6562.0,6398.0,6398.0,22120,VND
2017-03-30,6480.0,6645.0,6398.0,6562.0,39656,VND
2017-03-31,6562.0,6645.0,6480.0,6480.0,20900,VND
2017-04-03,6562.0,6562.0,6480.0,6562.0,600,VND
2017-04-04,6480.0,6562.0,6480.0,6562.0,2138,VND
2017-04-05,6480.0,6562.0,6398.0,6398.0,59138,VND
2017-04-07,6480.0,6480.0,6316.0,6480.0,13700,VND
2017-04-10,6398.0,6480.0,6234.0,6398.0,75699,VND
2017-04-11,6398.0,6480.0,6398.0,6480.0,36100,VND
2017-04-12,6234.0,6398.0,6152.0,6316.0,18700,VND
2017-04-13,6398.0,6398.0,6234.0,6316.0,25003,VND
2017-04-14,6316.0,6316.0,6316.0,6316.0,7310,VND
2017-04-17,6234.0,6316.0,6152.0,6316.0,44150,VND
2017-04-18,6316.0,6398.0,6316.0,6398.0,1100,VND
2017-04-19,6234.0,6398.0,6152.0,6234.0,26500,VND
2017-04-20,6234.0,6398.0,6152.0,6398.0,4431,VND
2017-04-21,6398.0,6398.0,6398.0,6398.0,2580,VND
2017-04-24,6398.0,6398.0,6398.0,6398.0,2512,VND
2017-04-25,6316.0,6398.0,6234.0,6398.0,2260,VND
2017-04-27,6234.0,6562.0,6234.0,6480.0,18712,VND
2017-04-28,6480.0,6562.0,6316.0,6480.0,12500,VND
2017-05-03,6316.0,6480.0,6316.0,6480.0,4800,VND
2017-05-04,6316.0,6480.0,6316.0,6398.0,1910,VND
2017-05-05,6398.0,6398.0,6316.0,6398.0,25208,VND
2017-05-08,6398.0,6480.0,6234.0,6398.0,27640,VND
2017-05-09,6316.0,6398.0,6234.0,6234.0,21700,VND
2017-05-10,6234.0,6316.0,6234.0,6234.0,35094,VND
2017-05-11,6234.0,6316.0,6234.0,6234.0,50100,VND
2017-05-12,6316.0,6398.0,6070.0,6234.0,62528,VND
2017-05-15,6234.0,6316.0,6152.0,6316.0,33948,VND
2017-05-16,6316.0,6316.0,6152.0,6152.0,104802,VND
2017-05-17,6234.0,6398.0,6152.0,6398.0,44032,VND
2017-05-18,6398.0,6398.0,6234.0,6316.0,19731,VND
2017-05-19,6234.0,6316.0,6234.0,6234.0,74787,VND
2017-05-22,6316.0,6398.0,6234.0,6234.0,85934,VND
2017-05-23,6234.0,6234.0,6152.0,6234.0,24400,VND
2017-05-24,6234.0,6234.0,6070.0,6152.0,27600,VND
2017-05-25,6234.0,6316.0,6234.0,6316.0,49512,VND
2017-05-26,6316.0,6316.0,6152.0,6316.0,2723,VND
2017-05-29,6234.0,6316.0,6152.0,6234.0,10000,VND
2017-05-30,6234.0,6316.0,6152.0,6234.0,53590,VND
2017-05-31,6234.0,6316.0,6152.0,6316.0,8947,VND
2017-06-01,6316.0,6316.0,6234.0,6234.0,17340,VND
2017-06-02,6234.0,6234.0,6152.0,6152.0,34400,VND
2017-06-05,6152.0,6316.0,6152.0,6152.0,27420,VND
2017-06-06,6316.0,6398.0,6234.0,6234.0,34936,VND
2017-06-07,6234.0,6316.0,6234.0,6316.0,27062,VND
2017-06-08,6316.0,6398.0,6234.0,6316.0,31520,VND
2017-06-09,6316.0,6316.0,6234.0,6316.0,16911,VND
2017-06-12,6234.0,6316.0,6152.0,6316.0,28120,VND
2017-06-13,6152.0,6316.0,6152.0,6316.0,18751,VND
2017-06-14,6234.0,6316.0,6234.0,6234.0,39520,VND
2017-06-15,6316.0,6316.0,6234.0,6234.0,27000,VND
2017-06-16,6316.0,6316.0,6234.0,6316.0,6700,VND
2017-06-19,6316.0,6398.0,6316.0,6316.0,12358,VND
2017-06-20,6316.0,6398.0,6316.0,6316.0,15496,VND
2017-06-21,6316.0,6316.0,6316.0,6316.0,27820,VND
2017-06-22,6316.0,6398.0,6316.0,6398.0,39500,VND
2017-06-23,6398.0,6480.0,6398.0,6398.0,72790,VND
2017-06-26,6398.0,6973.0,6398.0,6891.0,443150,VND
2017-06-27,6891.0,7383.0,6891.0,7301.0,519036,VND
2017-06-28,7219.0,7383.0,6973.0,7137.0,143511,VND
2017-06-29,6973.0,7055.0,6809.0,6809.0,84906,VND
2017-06-30,6727.0,6809.0,6562.0,6727.0,143924,VND
2017-07-03,6727.0,7055.0,6645.0,6809.0,166731,VND
2017-07-04,6809.0,6891.0,6727.0,6809.0,121159,VND
2017-07-05,6891.0,7219.0,6809.0,7219.0,252778,VND
2017-07-06,7055.0,7465.0,7055.0,7383.0,202441,VND
2017-07-07,7383.0,7465.0,7137.0,7137.0,165570,VND
2017-07-10,7055.0,7219.0,6809.0,6973.0,98049,VND
2017-07-11,7055.0,7055.0,6891.0,6973.0,105131,VND
2017-07-12,6891.0,6973.0,6809.0,6891.0,59110,VND
2017-07-13,6809.0,6973.0,6727.0,6891.0,55924,VND
2017-07-14,6973.0,6973.0,6809.0,6809.0,35200,VND
2017-07-17,6891.0,6891.0,6727.0,6809.0,81209,VND
2017-07-18,6727.0,6809.0,6645.0,6809.0,45306,VND
2017-07-19,6809.0,6973.0,6809.0,6891.0,76123,VND
2017-07-20,6891.0,6973.0,6727.0,6727.0,121952,VND
2017-07-21,6727.0,6891.0,6727.0,6891.0,44900,VND
2017-07-24,6727.0,6809.0,6727.0,6809.0,32520,VND
2017-07-25,6727.0,6809.0,6645.0,6809.0,69500,VND
2017-07-26,6891.0,7219.0,6809.0,6973.0,129040,VND
2017-07-27,6891.0,6973.0,6891.0,6973.0,63418,VND
2017-07-28,6891.0,6973.0,6809.0,6891.0,38100,VND
2017-07-31,6727.0,6891.0,6645.0,6891.0,61330,VND
2017-08-01,6973.0,6973.0,6891.0,6973.0,79990,VND
2017-08-02,7055.0,7219.0,6891.0,7137.0,157100,VND
2017-08-03,7137.0,7793.0,7137.0,7629.0,632443,VND
2017-08-04,7793.0,7875.0,7465.0,7629.0,137470,VND
2017-08-07,8203.0,8367.0,7793.0,8367.0,1417609,VND
2017-08-08,8613.0,8777.0,8121.0,8285.0,530530,VND
2017-08-09,8203.0,8203.0,7793.0,8039.0,238579,VND
2017-08-10,7629.0,7957.0,7547.0,7711.0,246700,VND
2017-08-11,7547.0,8121.0,7465.0,8121.0,301900,VND
2017-08-14,8285.0,8695.0,8121.0,8203.0,349366,VND
2017-08-15,8285.0,8367.0,7793.0,8367.0,220100,VND
2017-08-16,8203.0,8285.0,7875.0,7875.0,98200,VND
2017-08-17,7957.0,7957.0,7465.0,7465.0,180325,VND
2017-08-18,7465.0,7875.0,7465.0,7711.0,171354,VND
2017-08-21,7711.0,8039.0,7711.0,7793.0,137559,VND
2017-08-22,7793.0,7957.0,7793.0,7793.0,105110,VND
2017-08-23,7793.0,8449.0,7711.0,8121.0,300482,VND
2017-08-24,8039.0,8203.0,7957.0,7957.0,94194,VND
2017-08-25,7957.0,8449.0,7875.0,8367.0,314659,VND
2017-08-28,8367.0,8859.0,8367.0,8367.0,616677,VND
2017-08-29,8285.0,8531.0,7875.0,8285.0,170500,VND
2017-08-30,8285.0,8531.0,8285.0,8367.0,182619,VND
2017-08-31,8613.0,9188.0,8531.0,9023.0,725072,VND
2017-09-01,9105.0,9188.0,8777.0,8941.0,344500,VND
2017-09-05,8941.0,9023.0,8777.0,8777.0,146250,VND
2017-09-06,8777.0,8859.0,8695.0,8695.0,146010,VND
2017-09-07,8695.0,8859.0,8613.0,8859.0,206032,VND
2017-09-08,8859.0,9188.0,8859.0,9105.0,129610,VND
2017-09-11,9270.0,9680.0,9188.0,9188.0,338571,VND
2017-09-12,9598.0,9598.0,9188.0,9188.0,147480,VND
2017-09-13,9516.0,9516.0,9105.0,9188.0,242426,VND
2017-09-14,9105.0,9188.0,9023.0,9023.0,183660,VND
2017-09-15,9023.0,9105.0,8941.0,9023.0,191200,VND
2017-09-18,9188.0,9188.0,9023.0,9188.0,124815,VND
2017-09-19,9450.0,9712.0,9188.0,9450.0,118969,VND
2017-09-20,9450.0,9538.0,9012.0,9188.0,126720,VND
2017-09-21,9188.0,9188.0,9012.0,9012.0,72248,VND
2017-09-22,9100.0,9275.0,8925.0,9100.0,90588,VND
2017-09-25,9100.0,9100.0,8838.0,9012.0,160124,VND
2017-09-26,9100.0,9275.0,9012.0,9012.0,139700,VND
2017-09-27,9100.0,9800.0,9100.0,9625.0,348910,VND
2017-09-28,9625.0,9625.0,9450.0,9450.0,180700,VND
2017-09-29,9450.0,9538.0,9362.0,9362.0,102100,VND
2017-10-02,9275.0,9450.0,9188.0,9188.0,100600,VND
2017-10-03,9188.0,9362.0,8838.0,8838.0,162100,VND
2017-10-04,9012.0,9100.0,8838.0,9012.0,55520,VND
2017-10-05,9188.0,9188.0,8838.0,8838.0,78800,VND
2017-10-06,8925.0,9012.0,8750.0,9012.0,263481,VND
2017-10-09,9012.0,9100.0,8838.0,9012.0,53900,VND
2017-10-10,8925.0,9012.0,8838.0,8838.0,80100,VND
2017-10-11,8838.0,9012.0,8838.0,9012.0,69300,VND
2017-10-12,9012.0,9100.0,8925.0,9012.0,28709,VND
2017-10-13,9012.0,9012.0,8838.0,8925.0,41000,VND
2017-10-16,8925.0,8925.0,8750.0,8750.0,114009,VND
2017-10-17,8750.0,8838.0,8750.0,8750.0,94578,VND
2017-10-18,8838.0,8838.0,7962.0,7962.0,501256,VND
2017-10-19,8050.0,8138.0,7788.0,7962.0,209709,VND
2017-10-20,7962.0,7962.0,7875.0,7875.0,110972,VND
2017-10-23,7875.0,7875.0,7350.0,7350.0,218570,VND
2017-10-24,7262.0,7438.0,7175.0,7350.0,136067,VND
2017-10-25,7350.0,7875.0,7350.0,7525.0,67210,VND
2017-10-26,7525.0,7788.0,7438.0,7612.0,85234,VND
2017-10-27,7612.0,7788.0,7612.0,7612.0,111050,VND
2017-10-30,7788.0,7875.0,7700.0,7700.0,108087,VND
2017-10-31,7700.0,7700.0,7175.0,7175.0,206254,VND
2017-11-01,7175.0,7350.0,7088.0,7175.0,148510,VND
2017-11-02,7175.0,7175.0,6912.0,7000.0,202700,VND
2017-11-03,7088.0,7175.0,6912.0,7088.0,115138,VND
2017-11-06,7000.0,7088.0,6912.0,7000.0,122598,VND
2017-11-07,6912.0,7088.0,6912.0,7088.0,100722,VND
2017-11-08,7088.0,7088.0,7000.0,7088.0,46550,VND
2017-11-09,7000.0,7088.0,6912.0,6912.0,111668,VND
2017-11-10,7000.0,7262.0,7000.0,7262.0,91137,VND
2017-11-13,7262.0,7262.0,7000.0,7175.0,64754,VND
2017-11-14,7175.0,7175.0,6912.0,7000.0,82533,VND
2017-11-15,6912.0,7262.0,6912.0,7088.0,161245,VND
2017-11-16,7175.0,7262.0,7088.0,7262.0,108400,VND
2017-11-17,7262.0,7262.0,7088.0,7088.0,82138,VND
2017-11-20,7175.0,7612.0,7175.0,7525.0,171007,VND
2017-11-21,7525.0,7525.0,7350.0,7438.0,54705,VND
2017-11-22,7350.0,7438.0,7262.0,7262.0,96300,VND
2017-11-23,7350.0,7350.0,7175.0,7262.0,84700,VND
2017-11-24,7175.0,7350.0,7088.0,7350.0,102440,VND
2017-11-27,7350.0,7525.0,7262.0,7438.0,152398,VND
2017-11-28,7438.0,7438.0,7262.0,7350.0,223524,VND
2017-11-29,7262.0,7525.0,7175.0,7438.0,195222,VND
2017-11-30,7350.0,7525.0,7262.0,7350.0,101995,VND
2017-12-01,7350.0,7438.0,7262.0,7438.0,198753,VND
2017-12-04,7438.0,7612.0,7438.0,7612.0,155305,VND
2017-12-05,7700.0,8225.0,7700.0,8138.0,442900,VND
2017-12-06,8138.0,8225.0,7962.0,8050.0,162424,VND
2017-12-07,8050.0,8138.0,7700.0,7875.0,66300,VND
2017-12-08,7788.0,7875.0,7700.0,7788.0,65620,VND
2017-12-11,7612.0,7612.0,7350.0,7350.0,201870,VND
2017-12-12,7438.0,7525.0,7262.0,7438.0,179226,VND
2017-12-13,7438.0,7525.0,7438.0,7525.0,24836,VND
2017-12-14,7438.0,7612.0,7350.0,7612.0,105000,VND
2017-12-15,7612.0,7612.0,7438.0,7612.0,50800,VND
2017-12-18,7525.0,7700.0,7525.0,7525.0,88820,VND
2017-12-19,7525.0,7700.0,7438.0,7612.0,207900,VND
2017-12-20,7612.0,7788.0,7262.0,7700.0,186872,VND
2017-12-21,7875.0,7962.0,7612.0,7700.0,54864,VND
2017-12-22,7612.0,7700.0,7612.0,7700.0,48700,VND
2017-12-25,7525.0,7612.0,7438.0,7525.0,85800,VND
2017-12-26,7438.0,7525.0,7350.0,7525.0,59600,VND
2017-12-27,7525.0,7525.0,7438.0,7438.0,151902,VND
2017-12-28,7438.0,7525.0,7438.0,7438.0,50720,VND
2017-12-29,7438.0,7525.0,7438.0,7525.0,24353,VND
2018-01-02,7525.0,7612.0,7525.0,7525.0,70845,VND
2018-01-03,7438.0,7612.0,7438.0,7525.0,87801,VND
2018-01-04,7438.0,7612.0,7438.0,7525.0,136150,VND
2018-01-05,7438.0,7612.0,7438.0,7438.0,69516,VND
2018-01-08,7438.0,7525.0,7438.0,7525.0,25300,VND
2018-01-09,7525.0,7525.0,7350.0,7525.0,102828,VND
2018-01-10,7525.0,7612.0,7350.0,7438.0,197412,VND
2018-01-11,7438.0,7700.0,7438.0,7700.0,108100,VND
2018-01-12,7700.0,7875.0,7700.0,7700.0,137502,VND
2018-01-15,7700.0,7875.0,7612.0,7788.0,194619,VND
2018-01-16,7788.0,7875.0,7700.0,7875.0,81312,VND
2018-01-17,7875.0,7875.0,7612.0,7788.0,81682,VND
2018-01-18,7788.0,7788.0,7612.0,7788.0,40158,VND
2018-01-19,7612.0,7788.0,7525.0,7612.0,92496,VND
2018-01-22,7525.0,7612.0,7438.0,7525.0,62512,VND
2018-01-23,7612.0,7700.0,7525.0,7612.0,117350,VND
2018-01-24,7700.0,8138.0,7612.0,8050.0,308980,VND
2018-01-25,7962.0,8050.0,7788.0,7788.0,168482,VND
2018-01-26,7788.0,7875.0,7700.0,7875.0,56773,VND
2018-01-29,7875.0,7875.0,7612.0,7700.0,122548,VND
2018-01-30,7612.0,7700.0,7438.0,7700.0,105793,VND
2018-01-31,7438.0,7700.0,7438.0,7612.0,98780,VND
2018-02-01,7700.0,7700.0,7525.0,7700.0,94710,VND
2018-02-02,7700.0,7700.0,7525.0,7612.0,34539,VND
2018-02-05,7525.0,7612.0,7350.0,7350.0,94472,VND
2018-02-06,7262.0,7262.0,6650.0,6912.0,152558,VND
2018-02-07,7175.0,7350.0,7000.0,7262.0,27410,VND
2018-02-08,7000.0,7175.0,6738.0,7175.0,10700,VND
2018-02-09,6912.0,7000.0,6738.0,7000.0,49457,VND
2018-02-12,7000.0,7262.0,7000.0,7262.0,40110,VND
2018-02-13,7262.0,7438.0,7262.0,7438.0,18722,VND
2018-02-21,7350.0,7525.0,7262.0,7438.0,73700,VND
2018-02-22,7175.0,7438.0,7175.0,7438.0,10799,VND
2018-02-23,7350.0,7438.0,7350.0,7438.0,15500,VND
2018-02-26,7350.0,7438.0,7262.0,7438.0,52437,VND
2018-02-27,7438.0,7438.0,7262.0,7350.0,41410,VND
2018-02-28,7350.0,7350.0,7088.0,7262.0,34300,VND
2018-03-01,7175.0,7262.0,7088.0,7088.0,50200,VND
2018-03-02,7175.0,7262.0,7175.0,7262.0,34800,VND
2018-03-05,7262.0,7350.0,7175.0,7350.0,99500,VND
2018-03-06,7350.0,7350.0,7262.0,7350.0,43900,VND
2018-03-07,7262.0,7438.0,7262.0,7438.0,34761,VND
2018-03-08,7262.0,7438.0,7000.0,7438.0,120240,VND
2018-03-09,7438.0,7438.0,7262.0,7350.0,11769,VND
2018-03-12,7175.0,7350.0,7175.0,7350.0,26400,VND
2018-03-13,7175.0,7350.0,7175.0,7350.0,7606,VND
2018-03-14,7350.0,7350.0,7262.0,7262.0,20550,VND
2018-03-15,7262.0,7438.0,7262.0,7438.0,35409,VND
2018-03-16,7350.0,7350.0,7262.0,7350.0,22075,VND
2018-03-19,7525.0,7525.0,7262.0,7350.0,13200,VND
2018-03-20,7350.0,7438.0,7350.0,7438.0,8372,VND
2018-03-21,7175.0,7350.0,6912.0,7262.0,539200,VND
2018-03-22,7262.0,7438.0,7088.0,7350.0,62000,VND
2018-03-23,7088.0,7350.0,7088.0,7350.0,42940,VND
2018-03-26,7088.0,7175.0,7088.0,7088.0,30900,VND
2018-03-27,7262.0,7262.0,7088.0,7262.0,5960,VND
2018-03-28,7088.0,7262.0,7088.0,7088.0,24439,VND
2018-03-29,7088.0,7175.0,7088.0,7088.0,35162,VND
2018-03-30,7175.0,7175.0,7088.0,7175.0,17300,VND
2018-04-02,7175.0,7262.0,7088.0,7175.0,40100,VND
2018-04-03,7088.0,7262.0,7088.0,7262.0,41410,VND
2018-04-04,7262.0,7262.0,7175.0,7175.0,20638,VND
2018-04-05,7262.0,7262.0,7088.0,7262.0,10889,VND
2018-04-06,7262.0,7262.0,7175.0,7262.0,25300,VND
2018-04-09,7175.0,7350.0,7175.0,7262.0,50600,VND
2018-04-10,7350.0,7350.0,7175.0,7262.0,39300,VND
2018-04-11,7175.0,7262.0,7088.0,7175.0,67757,VND
2018-04-12,7175.0,7262.0,7088.0,7262.0,11031,VND
2018-04-13,7088.0,7262.0,7088.0,7175.0,11500,VND
2018-04-16,7262.0,7262.0,7088.0,7175.0,19200,VND
2018-04-17,7088.0,7262.0,7088.0,7262.0,21377,VND
2018-04-18,7175.0,7262.0,7088.0,7262.0,87096,VND
2018-04-19,7175.0,7175.0,7175.0,7175.0,72900,VND
2018-04-20,7262.0,7262.0,7088.0,7175.0,4100,VND
2018-04-23,7175.0,7262.0,7000.0,7088.0,139300,VND
2018-04-24,7088.0,7262.0,7000.0,7175.0,73690,VND
2018-04-26,7175.0,7175.0,7000.0,7175.0,43800,VND
2018-04-27,7175.0,7262.0,7175.0,7175.0,9604,VND
2018-05-02,7000.0,7175.0,6912.0,7000.0,15810,VND
2018-05-03,6912.0,7088.0,6825.0,7088.0,9524,VND
2018-05-04,6912.0,7088.0,6912.0,7088.0,800,VND
2018-05-08,7000.0,7088.0,7000.0,7088.0,8700,VND
2018-05-09,6912.0,7088.0,6912.0,7088.0,24000,VND
2018-05-10,7000.0,7088.0,7000.0,7088.0,23000,VND
2018-05-11,7000.0,7088.0,7000.0,7088.0,15696,VND
2018-05-14,7000.0,7000.0,7000.0,7000.0,2301,VND
2018-05-15,7000.0,7000.0,7000.0,7000.0,1900,VND
2018-05-16,7000.0,7088.0,6912.0,7088.0,5963,VND
2018-05-17,7000.0,7088.0,7000.0,7088.0,10810,VND
2018-05-18,7088.0,7088.0,7088.0,7088.0,1200,VND
2018-05-21,7000.0,7000.0,6825.0,7000.0,10000,VND
2018-05-22,6912.0,7000.0,6738.0,6912.0,1960,VND
2018-05-23,6912.0,6912.0,6825.0,6912.0,4600,VND
2018-05-24,6912.0,6912.0,6825.0,6912.0,7200,VND
2018-05-25,6825.0,6912.0,6738.0,6912.0,3136,VND
2018-05-28,6825.0,6912.0,6475.0,6912.0,2600,VND
2018-05-29,6912.0,7000.0,6825.0,6912.0,18400,VND
2018-05-30,6912.0,7000.0,6912.0,7000.0,2900,VND
2018-05-31,6912.0,7000.0,6912.0,7000.0,2241,VND
2018-06-01,6912.0,7000.0,6912.0,7000.0,2336,VND
2018-06-04,6912.0,6912.0,6825.0,6912.0,9900,VND
2018-06-05,6825.0,6912.0,6825.0,6912.0,1176,VND
2018-06-06,6912.0,6912.0,6825.0,6825.0,29600,VND
2018-06-07,6825.0,6825.0,6738.0,6825.0,2869,VND
2018-06-08,6825.0,6825.0,6825.0,6825.0,524,VND
2018-06-11,6738.0,6825.0,6650.0,6825.0,59600,VND
2018-06-12,6650.0,6825.0,6650.0,6650.0,1610,VND
2018-06-13,6825.0,6825.0,6738.0,6738.0,2177,VND
2018-06-14,6825.0,6825.0,6650.0,6738.0,9100,VND
2018-06-15,6825.0,6825.0,6825.0,6825.0,1806,VND
2018-06-18,6738.0,6738.0,6562.0,6650.0,3700,VND
2018-06-19,6562.0,6650.0,6475.0,6562.0,20431,VND
2018-06-20,6650.0,6650.0,6475.0,6475.0,824,VND
2018-06-21,6562.0,6562.0,6388.0,6475.0,101014,VND
2018-06-22,6475.0,6562.0,6475.0,6475.0,7100,VND
2018-06-25,6475.0,6562.0,6475.0,6562.0,11830,VND
2018-06-26,6650.0,6650.0,6562.0,6562.0,10910,VND
2018-06-27,6562.0,6650.0,6475.0,6650.0,6962,VND
2018-06-28,6650.0,6650.0,6475.0,6562.0,11500,VND
2018-06-29,6562.0,6650.0,6475.0,6650.0,33140,VND
2018-07-02,6562.0,6562.0,6475.0,6475.0,46500,VND
2018-07-03,6650.0,6650.0,6388.0,6388.0,13115,VND
2018-07-04,6475.0,6475.0,6388.0,6388.0,3700,VND
2018-07-05,6388.0,6388.0,6388.0,6388.0,29700,VND
2018-07-06,6388.0,6475.0,6388.0,6475.0,1200,VND
2018-07-09,6475.0,6475.0,6475.0,6475.0,18700,VND
2018-07-10,6475.0,6475.0,6388.0,6388.0,3500,VND
2018-07-11,6300.0,6388.0,6300.0,6300.0,34600,VND
2018-07-12,6475.0,6475.0,6212.0,6212.0,112000,VND
2018-07-13,6300.0,6300.0,6212.0,6300.0,215300,VND
2018-07-16,6300.0,6300.0,6125.0,6212.0,42610,VND
2018-07-17,6212.0,6212.0,6125.0,6212.0,37100,VND
2018-07-18,6125.0,6300.0,6125.0,6300.0,12700,VND
2018-07-19,6212.0,6212.0,6212.0,6212.0,124200,VND
2018-07-20,6125.0,6300.0,6125.0,6300.0,518430,VND
2018-07-23,6300.0,6300.0,6212.0,6212.0,9400,VND
2018-07-24,6212.0,6388.0,6212.0,6388.0,65100,VND
2018-07-25,6388.0,6388.0,6388.0,6388.0,200,VND
2018-07-26,6300.0,6300.0,6212.0,6300.0,10720,VND
2018-07-27,6125.0,6300.0,6125.0,6300.0,5506,VND
2018-07-30,6125.0,6300.0,6125.0,6125.0,28860,VND
2018-07-31,6212.0,6300.0,6212.0,6300.0,210,VND
2018-08-01,6212.0,6212.0,6212.0,6212.0,1200,VND
2018-08-02,6212.0,6212.0,6212.0,6212.0,400,VND
2018-08-03,6212.0,6300.0,6212.0,6212.0,26180,VND
2018-08-06,6212.0,6212.0,6125.0,6212.0,2732,VND
2018-08-07,6212.0,6212.0,6125.0,6212.0,23200,VND
2018-08-08,6125.0,6300.0,6038.0,6300.0,6800,VND
2018-08-09,6125.0,6300.0,6125.0,6300.0,5000,VND
2018-08-13,6125.0,6300.0,6125.0,6300.0,27636,VND
2018-08-14,6300.0,6300.0,6300.0,6300.0,21000,VND
2018-08-15,6212.0,6300.0,6212.0,6212.0,18620,VND
2018-08-16,6212.0,6212.0,6212.0,6212.0,100,VND
2018-08-17,6212.0,6212.0,6212.0,6212.0,2592,VND
2018-08-20,6212.0,6212.0,6125.0,6212.0,1600,VND
2018-08-21,6212.0,6212.0,6212.0,6212.0,2890,VND
2018-08-22,6212.0,6300.0,6212.0,6300.0,18050,VND
2018-08-23,6212.0,6212.0,6212.0,6212.0,8000,VND
2018-08-24,6212.0,6212.0,6212.0,6212.0,6583,VND
2018-08-27,6300.0,6300.0,6125.0,6300.0,3580,VND
2018-08-28,6212.0,6212.0,6212.0,6212.0,5030,VND
2018-08-29,6212.0,6212.0,6125.0,6212.0,33800,VND
2018-08-30,6212.0,6300.0,6212.0,6300.0,21362,VND
2018-08-31,6300.0,6388.0,6300.0,6388.0,3320,VND
2018-09-04,6388.0,6562.0,6300.0,6300.0,13300,VND
2018-09-05,6300.0,6300.0,6300.0,6300.0,22700,VND
2018-09-06,6388.0,6388.0,6212.0,6300.0,7900,VND
2018-09-07,6212.0,6300.0,6212.0,6300.0,17600,VND
2018-09-10,6300.0,6475.0,6300.0,6475.0,25250,VND
2018-09-11,6300.0,6562.0,6300.0,6562.0,7300,VND
2018-09-12,7175.0,7175.0,6562.0,7088.0,130778,VND
2018-09-13,7088.0,7088.0,6912.0,6912.0,66450,VND
2018-09-14,6912.0,7000.0,6825.0,6912.0,66300,VND
2018-09-17,6912.0,6912.0,6650.0,6738.0,66696,VND
2018-09-18,6738.0,7000.0,6650.0,7000.0,45000,VND
2018-09-19,7400.0,7500.0,6900.0,7000.0,38292,VND
2018-09-20,7000.0,7000.0,6800.0,7000.0,21900,VND
2018-09-21,6700.0,7000.0,6700.0,7000.0,41360,VND
2018-09-24,6900.0,6900.0,6800.0,6900.0,28240,VND
2018-09-25,6800.0,6900.0,6800.0,6900.0,12510,VND
2018-09-26,6900.0,7000.0,6800.0,6900.0,16437,VND
2018-09-27,6900.0,6900.0,6800.0,6900.0,27800,VND
2018-09-28,6800.0,7000.0,6800.0,7000.0,8909,VND
2018-10-01,7000.0,7100.0,6900.0,7100.0,14000,VND
2018-10-02,7000.0,7000.0,6900.0,7000.0,4200,VND
2018-10-03,7000.0,7200.0,7000.0,7100.0,18809,VND
2018-10-04,7000.0,7100.0,7000.0,7100.0,23590,VND
2018-10-05,7000.0,7000.0,6900.0,7000.0,3400,VND
2018-10-08,6900.0,7100.0,6900.0,7100.0,45100,VND
2018-10-09,6900.0,7000.0,6900.0,7000.0,25700,VND
2018-10-10,7000.0,7100.0,7000.0,7100.0,35390,VND
2018-10-11,6800.0,6900.0,6400.0,6800.0,48400,VND
2018-10-12,6900.0,6900.0,6800.0,6900.0,1200,VND
2018-10-15,6900.0,6900.0,6800.0,6900.0,13200,VND
2018-10-16,6800.0,7000.0,6800.0,7000.0,37300,VND
2018-10-17,7000.0,7000.0,6900.0,7000.0,7100,VND
2018-10-18,7000.0,7000.0,7000.0,7000.0,400,VND
2018-10-19,6900.0,7000.0,6800.0,6900.0,10900,VND
2018-10-22,6900.0,7000.0,6900.0,7000.0,44100,VND
2018-10-23,6900.0,6900.0,6900.0,6900.0,6202,VND
2018-10-24,6800.0,6900.0,6700.0,6900.0,8100,VND
2018-10-25,6700.0,6800.0,6600.0,6800.0,47644,VND
2018-10-26,6800.0,6800.0,6800.0,6800.0,100,VND
2018-10-29,6700.0,6700.0,6600.0,6700.0,3100,VND
2018-10-30,6700.0,6700.0,6400.0,6700.0,5590,VND
2018-10-31,6800.0,6800.0,6600.0,6800.0,43500,VND
2018-11-01,6700.0,6800.0,6700.0,6800.0,37100,VND
2018-11-02,6800.0,6900.0,6800.0,6800.0,80300,VND
2018-11-05,6800.0,6800.0,6800.0,6800.0,900,VND
2018-11-07,6800.0,6800.0,6800.0,6800.0,200,VND
2018-11-08,6500.0,6800.0,6400.0,6800.0,6432,VND
2018-11-09,6500.0,6600.0,6300.0,6500.0,39400,VND
2018-11-12,6300.0,6600.0,6300.0,6600.0,28470,VND
2018-11-13,6500.0,6600.0,6500.0,6600.0,330,VND
2018-11-14,6500.0,6600.0,6500.0,6600.0,81400,VND
2018-11-16,6400.0,6700.0,6400.0,6700.0,4300,VND
2018-11-19,6700.0,6800.0,6700.0,6800.0,2822,VND
2018-11-20,6700.0,6700.0,6600.0,6700.0,4800,VND
2018-11-21,6700.0,6800.0,6700.0,6700.0,56600,VND
2018-11-22,6700.0,6700.0,6700.0,6700.0,24080,VND
2018-11-23,6700.0,6700.0,6700.0,6700.0,101000,VND
2018-11-26,6700.0,6700.0,6400.0,6500.0,24000,VND
2018-11-27,6700.0,6700.0,6700.0,6700.0,200,VND
2018-11-28,6700.0,6800.0,6700.0,6800.0,2300,VND
2018-11-29,6600.0,6800.0,6600.0,6800.0,2400,VND
2018-11-30,6700.0,6700.0,6600.0,6600.0,1122,VND
2018-12-03,6600.0,6700.0,6500.0,6600.0,5900,VND
2018-12-04,6500.0,6600.0,6500.0,6600.0,3700,VND
2018-12-06,6600.0,6600.0,6600.0,6600.0,759,VND
2018-12-07,6600.0,6700.0,6600.0,6700.0,2200,VND
2018-12-10,6700.0,6700.0,6700.0,6700.0,1300,VND
2018-12-11,6700.0,6700.0,6500.0,6700.0,756,VND
2018-12-12,6500.0,6700.0,6500.0,6700.0,6312,VND
2018-12-13,6600.0,6700.0,6600.0,6600.0,28500,VND
2018-12-14,6600.0,6700.0,6500.0,6700.0,18438,VND
2018-12-17,6500.0,6700.0,6500.0,6700.0,1300,VND
2018-12-18,6300.0,6700.0,6300.0,6700.0,2181,VND
2018-12-19,6300.0,6700.0,6200.0,6700.0,1399,VND
2018-12-21,6500.0,6700.0,6500.0,6700.0,13700,VND
2018-12-24,6500.0,6500.0,6500.0,6500.0,600,VND
2018-12-25,6500.0,6700.0,6500.0,6600.0,14600,VND
2018-12-26,6000.0,6600.0,6000.0,6600.0,5000,VND
2018-12-27,6600.0,6600.0,6600.0,6600.0,300,VND
2018-12-28,6600.0,6600.0,6600.0,6600.0,7540,VND
2019-01-02,6600.0,6600.0,6400.0,6500.0,14333,VND
2019-01-03,6600.0,6600.0,6600.0,6600.0,100,VND
2019-01-04,6400.0,6600.0,6400.0,6600.0,3100,VND
2019-01-07,6500.0,6600.0,6500.0,6500.0,8690,VND
2019-01-08,6500.0,6500.0,6500.0,6500.0,800,VND
2019-01-09,6400.0,6400.0,6400.0,6400.0,200,VND
2019-01-10,6400.0,6500.0,6400.0,6500.0,200,VND
2019-01-11,6400.0,6500.0,6400.0,6500.0,1300,VND
2019-01-14,6400.0,6500.0,6400.0,6400.0,32400,VND
2019-01-16,6400.0,6400.0,6300.0,6400.0,17300,VND
2019-01-18,6400.0,6400.0,6400.0,6400.0,3700,VND
2019-01-21,6400.0,6400.0,6400.0,6400.0,500,VND
2019-01-22,6400.0,6400.0,6400.0,6400.0,15000,VND
2019-01-23,6400.0,6400.0,6400.0,6400.0,600,VND
2019-01-24,6300.0,6300.0,6300.0,6300.0,1289,VND
2019-01-25,6200.0,6400.0,6100.0,6400.0,1305,VND
2019-01-28,6300.0,6400.0,6300.0,6400.0,1700,VND
2019-01-29,6400.0,6500.0,6400.0,6500.0,12100,VND
2019-01-30,6400.0,6400.0,6400.0,6400.0,300,VND
2019-01-31,6200.0,6400.0,6100.0,6400.0,9700,VND
2019-02-01,6400.0,6400.0,6400.0,6400.0,160,VND
2019-02-11,6400.0,6400.0,6400.0,6400.0,1000,VND
2019-02-12,6300.0,6300.0,6300.0,6300.0,700,VND
2019-02-13,6300.0,6400.0,6300.0,6400.0,1700,VND
2019-02-14,6400.0,6500.0,6400.0,6500.0,34900,VND
2019-02-15,6500.0,6500.0,6400.0,6400.0,53100,VND
2019-02-18,6400.0,6500.0,6400.0,6500.0,58200,VND
2019-02-19,6400.0,6500.0,6400.0,6500.0,25050,VND
2019-02-20,6600.0,6600.0,6600.0,6600.0,1000,VND
2019-02-21,6500.0,6500.0,6400.0,6400.0,5300,VND
2019-02-22,6400.0,6600.0,6400.0,6600.0,11600,VND
2019-02-25,6600.0,6600.0,6600.0,6600.0,1000,VND
2019-02-26,6600.0,6700.0,6600.0,6700.0,18900,VND
2019-02-27,6700.0,6700.0,6700.0,6700.0,27700,VND
2019-02-28,6400.0,6400.0,6400.0,6400.0,2000,VND
2019-03-01,6400.0,6600.0,6400.0,6400.0,17689,VND
2019-03-04,6600.0,6600.0,6400.0,6600.0,17700,VND
2019-03-05,6500.0,6500.0,6400.0,6500.0,11440,VND
2019-03-06,6500.0,6500.0,6400.0,6500.0,5256,VND
2019-03-07,6400.0,6400.0,6400.0,6400.0,3015,VND
2019-03-08,6500.0,6500.0,6400.0,6500.0,69760,VND
2019-03-11,6400.0,6600.0,6400.0,6600.0,18200,VND
2019-03-12,6400.0,6500.0,6400.0,6500.0,2328,VND
2019-03-13,6400.0,6500.0,6300.0,6500.0,2600,VND
2019-03-14,6400.0,6500.0,6400.0,6500.0,1280,VND
2019-03-15,6500.0,6500.0,6400.0,6500.0,1700,VND
2019-03-18,6300.0,6500.0,6300.0,6500.0,97805,VND
2019-03-19,6500.0,6500.0,6500.0,6500.0,10500,VND
2019-03-20,6400.0,6600.0,6300.0,6500.0,12300,VND
2019-03-21,6400.0,6600.0,6400.0,6600.0,16200,VND
2019-03-22,6500.0,6600.0,6500.0,6600.0,3100,VND
2019-03-25,6500.0,6600.0,6500.0,6600.0,61300,VND
2019-03-26,6500.0,6600.0,6500.0,6600.0,46672,VND
2019-03-27,6500.0,6800.0,6500.0,6800.0,7550,VND
2019-03-28,6500.0,6700.0,6500.0,6700.0,3000,VND
2019-03-29,6500.0,6600.0,6500.0,6600.0,31911,VND
2019-04-01,6400.0,6600.0,6400.0,6600.0,5820,VND
2019-04-02,6400.0,6600.0,6400.0,6600.0,4110,VND
2019-04-03,6500.0,6500.0,6500.0,6500.0,11400,VND
2019-04-04,6500.0,6600.0,6500.0,6500.0,12200,VND
2019-04-05,6500.0,6500.0,6300.0,6300.0,1200,VND
2019-04-08,6300.0,6500.0,6300.0,6500.0,4300,VND
2019-04-09,6500.0,6600.0,6500.0,6600.0,39100,VND
2019-04-10,6400.0,6600.0,6400.0,6600.0,4600,VND
2019-04-11,6600.0,6600.0,6600.0,6600.0,23000,VND
2019-04-12,6600.0,6600.0,6500.0,6500.0,7500,VND
2019-04-16,6400.0,6600.0,6400.0,6600.0,5163,VND
2019-04-17,6600.0,6600.0,6600.0,6600.0,100,VND
2019-04-19,6500.0,6600.0,6400.0,6600.0,5600,VND
2019-04-22,6500.0,6600.0,6400.0,6600.0,3100,VND
2019-04-23,6400.0,6500.0,6400.0,6500.0,7634,VND
2019-04-24,6400.0,6500.0,6400.0,6500.0,1041,VND
2019-04-25,6500.0,6600.0,6300.0,6300.0,11200,VND
2019-04-26,6500.0,6500.0,6300.0,6400.0,32800,VND
2019-05-02,6400.0,6400.0,6400.0,6400.0,99520,VND
2019-05-03,6400.0,6400.0,6300.0,6300.0,31800,VND
2019-05-06,6300.0,6400.0,6200.0,6400.0,2480,VND
2019-05-07,6400.0,6400.0,6200.0,6200.0,380,VND
2019-05-08,6200.0,6200.0,6100.0,6200.0,22400,VND
2019-05-09,6300.0,6300.0,6200.0,6200.0,1660,VND
2019-05-10,6300.0,6400.0,6300.0,6400.0,14730,VND
2019-05-13,6300.0,6300.0,6300.0,6300.0,3400,VND
2019-05-14,6200.0,6300.0,6200.0,6300.0,5300,VND
2019-05-15,6200.0,6300.0,6200.0,6300.0,7239,VND
2019-05-16,6200.0,6300.0,6200.0,6300.0,36200,VND
2019-05-17,6300.0,6300.0,6300.0,6300.0,11250,VND
2019-05-20,6300.0,6300.0,6300.0,6300.0,900,VND
2019-05-21,6300.0,6400.0,6200.0,6400.0,24300,VND
2019-05-22,6400.0,6400.0,6400.0,6400.0,11800,VND
2019-05-23,6300.0,6500.0,6300.0,6500.0,1505,VND
2019-05-24,6500.0,6500.0,6300.0,6500.0,3636,VND
2019-05-27,6400.0,6500.0,6300.0,6500.0,25000,VND
2019-05-28,6400.0,6500.0,6400.0,6400.0,39702,VND
2019-05-29,6500.0,6500.0,6400.0,6500.0,6200,VND
2019-05-30,6400.0,6500.0,6300.0,6500.0,8200,VND
2019-05-31,6400.0,6700.0,6400.0,6700.0,45096,VND
2019-06-03,6500.0,6600.0,6400.0,6600.0,13200,VND
2019-06-04,6400.0,6800.0,6400.0,6800.0,25100,VND
2019-06-05,6500.0,6700.0,6400.0,6700.0,14200,VND
2019-06-07,6400.0,6600.0,6300.0,6600.0,66908,VND
2019-06-11,6400.0,6600.0,6400.0,6600.0,10184,VND
2019-06-12,6600.0,6600.0,6600.0,6600.0,10000,VND
2019-06-13,6500.0,6500.0,6500.0,6500.0,17300,VND
2019-06-14,6500.0,6500.0,6500.0,6500.0,13002,VND
2019-06-17,6500.0,6600.0,6500.0,6600.0,50500,VND
2019-06-18,6600.0,6600.0,6600.0,6600.0,20001,VND
2019-06-19,6500.0,6600.0,6500.0,6600.0,7100,VND
2019-06-20,6500.0,6600.0,6500.0,6600.0,1100,VND
2019-06-21,6500.0,6600.0,6400.0,6600.0,2985,VND
2019-06-24,6500.0,6600.0,6500.0,6600.0,1112,VND
2019-06-25,6500.0,6600.0,6500.0,6600.0,1100,VND
2019-06-27,6500.0,6600.0,6500.0,6600.0,5100,VND
2019-06-28,6400.0,6500.0,6400.0,6500.0,3207,VND
2019-07-01,6700.0,6700.0,6700.0,6700.0,100,VND
2019-07-02,6500.0,6700.0,6500.0,6700.0,17900,VND
2019-07-03,6700.0,6700.0,6700.0,6700.0,200,VND
2019-07-04,6600.0,6600.0,6500.0,6500.0,4100,VND
2019-07-05,6400.0,6700.0,6400.0,6700.0,4438,VND
2019-07-08,6600.0,6700.0,6500.0,6700.0,5900,VND
2019-07-09,6600.0,6600.0,6600.0,6600.0,1500,VND
2019-07-10,6400.0,6600.0,6400.0,6600.0,2362,VND
2019-07-11,6600.0,6600.0,6600.0,6600.0,9467,VND
2019-07-12,6600.0,6600.0,6400.0,6600.0,40100,VND
2019-07-15,6500.0,6700.0,6500.0,6700.0,9393,VND
2019-07-16,6600.0,6600.0,6600.0,6600.0,12500,VND
2019-07-17,6500.0,6600.0,6500.0,6600.0,1900,VND
2019-07-18,6600.0,6600.0,6600.0,6600.0,300,VND
2019-07-19,6600.0,6600.0,6600.0,6600.0,5050,VND
2019-07-24,6500.0,6500.0,6400.0,6400.0,17100,VND
2019-07-25,6400.0,6500.0,6400.0,6500.0,900,VND
2019-07-26,6400.0,6400.0,6300.0,6400.0,9601,VND
2019-07-29,6500.0,6500.0,6300.0,6300.0,4411,VND
2019-07-30,6200.0,6300.0,5900.0,6000.0,2060,VND
2019-07-31,6000.0,6300.0,6000.0,6100.0,15100,VND
2019-08-01,6100.0,6300.0,6100.0,6300.0,23900,VND
2019-08-02,6200.0,6300.0,6200.0,6300.0,20240,VND
2019-08-05,6300.0,6300.0,6300.0,6300.0,703,VND
2019-08-06,6200.0,6200.0,6100.0,6200.0,5500,VND
2019-08-07,6100.0,6200.0,6000.0,6200.0,4650,VND
2019-08-08,6200.0,6200.0,6200.0,6200.0,200,VND
2019-08-09,6100.0,6200.0,5900.0,6200.0,33600,VND
2019-08-12,6100.0,6300.0,6000.0,6300.0,19239,VND
2019-08-13,6000.0,6400.0,6000.0,6400.0,3000,VND
2019-08-14,6400.0,6400.0,6200.0,6400.0,4400,VND
2019-08-15,6400.0,6400.0,6000.0,6300.0,22484,VND
2019-08-16,6100.0,6300.0,6000.0,6300.0,30168,VND
2019-08-19,6200.0,6200.0,6200.0,6200.0,10200,VND
2019-08-20,6200.0,6200.0,6000.0,6000.0,8510,VND
2019-08-21,6000.0,6100.0,5900.0,6100.0,47632,VND
2019-08-22,6000.0,6200.0,5800.0,6200.0,19100,VND
2019-08-23,6000.0,6200.0,6000.0,6200.0,5400,VND
2019-08-26,6000.0,6200.0,6000.0,6200.0,3011,VND
2019-08-27,6100.0,6100.0,6100.0,6100.0,1260,VND
2019-08-28,6100.0,6200.0,6100.0,6200.0,4600,VND
2019-08-29,6000.0,6200.0,6000.0,6200.0,12400,VND
2019-08-30,6100.0,6200.0,6100.0,6200.0,7000,VND
2019-09-03,6300.0,6300.0,6100.0,6100.0,22240,VND
2019-09-04,6100.0,6100.0,6100.0,6100.0,1900,VND
2019-09-05,6200.0,6200.0,6200.0,6200.0,120,VND
2019-09-06,6200.0,6200.0,6200.0,6200.0,160,VND
2019-09-09,6100.0,6200.0,6100.0,6200.0,1160,VND
2019-09-10,6000.0,6200.0,5900.0,6200.0,6020,VND
2019-09-11,6000.0,6200.0,6000.0,6200.0,15500,VND
2019-09-12,6200.0,6200.0,6200.0,6200.0,700,VND
2019-09-13,6000.0,6100.0,6000.0,6100.0,3300,VND
2019-09-16,6000.0,6200.0,5900.0,6100.0,18304,VND
2019-09-17,6000.0,6000.0,5900.0,6000.0,10809,VND
2019-09-18,6000.0,6100.0,6000.0,6100.0,5825,VND
2019-09-19,6000.0,6000.0,6000.0,6000.0,16600,VND
2019-09-20,5900.0,6000.0,5900.0,6000.0,6401,VND
2019-09-24,5900.0,5900.0,5800.0,5900.0,9400,VND
2019-09-25,5900.0,6000.0,5900.0,5900.0,35000,VND
2019-09-26,6000.0,6100.0,6000.0,6000.0,21400,VND
2019-09-27,6000.0,6100.0,6000.0,6100.0,8415,VND
2019-09-30,5900.0,6000.0,5800.0,6000.0,28839,VND
2019-10-01,5800.0,6000.0,5800.0,5900.0,1051,VND
2019-10-02,6000.0,6000.0,6000.0,6000.0,100,VND
2019-10-03,5900.0,5900.0,5800.0,5900.0,2270,VND
2019-10-04,5900.0,6100.0,5700.0,6100.0,80400,VND
2019-10-07,6000.0,6000.0,5800.0,6000.0,21300,VND
2019-10-08,6000.0,6000.0,6000.0,6000.0,200,VND
2019-10-09,6000.0,6000.0,6000.0,6000.0,200,VND
2019-10-10,6000.0,6000.0,6000.0,6000.0,3400,VND
2019-10-11,6000.0,6000.0,5900.0,6000.0,9500,VND
2019-10-14,5900.0,6000.0,5900.0,6000.0,7500,VND
2019-10-15,6000.0,6000.0,5700.0,6000.0,2000,VND
2019-10-16,5800.0,5900.0,5800.0,5900.0,57100,VND
2019-10-17,5900.0,5900.0,5800.0,5900.0,11551,VND
2019-10-18,5900.0,6000.0,5900.0,6000.0,5300,VND
2019-10-21,5800.0,5900.0,5600.0,5900.0,4200,VND
2019-10-22,5800.0,5800.0,5800.0,5800.0,1467,VND
2019-10-23,5800.0,5900.0,5800.0,5900.0,3100,VND
2019-10-24,5900.0,5900.0,5900.0,5900.0,500,VND
2019-10-25,6000.0,6000.0,6000.0,6000.0,400,VND
2019-10-28,5900.0,5900.0,5900.0,5900.0,100,VND
2019-10-29,5900.0,6000.0,5900.0,5900.0,9400,VND
2019-10-30,5900.0,5900.0,5900.0,5900.0,700,VND
2019-11-04,5900.0,6000.0,5900.0,5900.0,108100,VND
2019-11-05,6000.0,6200.0,6000.0,6100.0,33800,VND
2019-11-06,6100.0,6100.0,6100.0,6100.0,9800,VND
2019-11-07,6100.0,6100.0,6100.0,6100.0,7200,VND
2019-11-08,6100.0,6100.0,6100.0,6100.0,15020,VND
2019-11-11,6100.0,6100.0,6100.0,6100.0,114100,VND
2019-11-12,6100.0,6100.0,6100.0,6100.0,5335,VND
2019-11-13,6100.0,6100.0,6100.0,6100.0,20004,VND
2019-11-14,6200.0,6200.0,6200.0,6200.0,2000,VND
2019-11-15,6100.0,6200.0,6100.0,6100.0,29100,VND
2019-11-18,6100.0,6100.0,6100.0,6100.0,3200,VND
2019-11-19,5900.0,6200.0,5900.0,6200.0,2700,VND
2019-11-20,6200.0,6200.0,6100.0,6100.0,698,VND
2019-11-21,6100.0,6100.0,6100.0,6100.0,6159,VND
2019-11-22,6000.0,6200.0,6000.0,6200.0,5359,VND
2019-11-25,6100.0,6100.0,6100.0,6100.0,9100,VND
2019-11-26,6100.0,6100.0,6100.0,6100.0,8000,VND
2019-11-27,6100.0,6200.0,6100.0,6200.0,300,VND
2019-11-28,6100.0,6100.0,6100.0,6100.0,5000,VND
2019-11-29,6100.0,6200.0,6100.0,6100.0,8155,VND
2019-12-02,6000.0,6000.0,5800.0,5800.0,30939,VND
2019-12-04,5800.0,5800.0,5800.0,5800.0,11700,VND
2019-12-05,6100.0,6100.0,5900.0,5900.0,10420,VND
2019-12-06,5700.0,5700.0,5700.0,5700.0,1000,VND
2019-12-09,6000.0,6000.0,6000.0,6000.0,100,VND
2019-12-10,5900.0,6000.0,5900.0,6000.0,12852,VND
2019-12-12,5600.0,5900.0,5600.0,5900.0,525,VND
2019-12-17,5800.0,5800.0,5800.0,5800.0,3500,VND
2019-12-18,6000.0,6000.0,6000.0,6000.0,215,VND
2019-12-19,6000.0,6100.0,6000.0,6100.0,6300,VND
2019-12-20,5800.0,5800.0,5800.0,5800.0,760,VND
2019-12-23,5700.0,6000.0,5700.0,6000.0,1482,VND
2019-12-24,5900.0,5900.0,5700.0,5800.0,4312,VND
2019-12-25,5800.0,5800.0,5800.0,5800.0,300,VND
2019-12-26,5800.0,6100.0,5800.0,6100.0,7719,VND
2019-12-27,6000.0,6100.0,5700.0,6000.0,33700,VND
2019-12-30,6100.0,6100.0,6100.0,6100.0,11000,VND
2019-12-31,5700.0,6100.0,5700.0,6100.0,300,VND
2020-01-02,6100.0,6100.0,6100.0,6100.0,2089,VND
2020-01-03,5800.0,6100.0,5800.0,6000.0,12100,VND
2020-01-06,6000.0,6100.0,6000.0,6100.0,12900,VND
2020-01-07,5900.0,5900.0,5900.0,5900.0,156,VND
2020-01-09,6000.0,6000.0,6000.0,6000.0,325,VND
2020-01-10,6000.0,6000.0,6000.0,6000.0,100,VND
2020-01-14,5800.0,5900.0,5800.0,5800.0,4800,VND
2020-01-15,5800.0,5800.0,5700.0,5700.0,7440,VND
2020-01-16,5800.0,6200.0,5700.0,5700.0,4900,VND
2020-01-17,5600.0,5800.0,5600.0,5800.0,5532,VND
2020-01-21,5800.0,5800.0,5800.0,5800.0,5009,VND
2020-01-22,5800.0,5800.0,5800.0,5800.0,15100,VND
2020-01-31,5800.0,5800.0,5700.0,5700.0,2600,VND
2020-02-03,5600.0,5700.0,5500.0,5700.0,25700,VND
2020-02-04,5700.0,5700.0,5500.0,5700.0,19100,VND
2020-02-05,5700.0,5700.0,5700.0,5700.0,21810,VND
2020-02-06,5800.0,5900.0,5700.0,5900.0,52745,VND
2020-02-07,6000.0,6000.0,5800.0,6000.0,22600,VND
2020-02-10,5900.0,5900.0,5800.0,5800.0,4214,VND
2020-02-11,5800.0,6000.0,5700.0,5900.0,19400,VND
2020-02-12,5900.0,5900.0,5900.0,5900.0,14033,VND
2020-02-13,5800.0,5900.0,5800.0,5900.0,10300,VND
2020-02-14,5900.0,5900.0,5800.0,5800.0,10900,VND
2020-02-17,5900.0,6000.0,5900.0,5900.0,14700,VND
2020-02-18,5800.0,5800.0,5800.0,5800.0,8700,VND
2020-02-19,5800.0,5800.0,5800.0,5800.0,19200,VND
2020-02-20,5800.0,5800.0,5700.0,5700.0,2744,VND
2020-02-24,5700.0,5700.0,5600.0,5600.0,11600,VND
2020-02-25,5500.0,5900.0,5500.0,5900.0,16396,VND
2020-02-26,5600.0,5900.0,5600.0,5700.0,23800,VND
2020-02-27,5700.0,5700.0,5600.0,5600.0,8800,VND
2020-02-28,5600.0,5800.0,5600.0,5800.0,1600,VND
2020-03-03,5700.0,5700.0,5700.0,5700.0,600,VND
2020-03-04,5600.0,5900.0,5600.0,5900.0,3300,VND
2020-03-05,5700.0,5700.0,5600.0,5700.0,23700,VND
2020-03-06,5700.0,5700.0,5700.0,5700.0,1100,VND
2020-03-09,5400.0,5400.0,5400.0,5400.0,700,VND
2020-03-10,5200.0,5300.0,5200.0,5300.0,1500,VND
2020-03-11,5600.0,5600.0,5600.0,5600.0,100,VND
2020-03-12,5100.0,5200.0,5100.0,5100.0,6800,VND
2020-03-13,5000.0,5100.0,4800.0,5100.0,13100,VND
2020-03-16,5000.0,5000.0,4800.0,4900.0,51800,VND
2020-03-17,5000.0,5300.0,5000.0,5000.0,39900,VND
2020-03-18,4800.0,5000.0,4500.0,5000.0,6800,VND
2020-03-19,4800.0,5300.0,4800.0,5200.0,15300,VND
2020-03-20,5300.0,5300.0,5100.0,5100.0,4300,VND
2020-03-23,4800.0,5200.0,4800.0,4800.0,144800,VND
2020-03-26,5000.0,5000.0,4800.0,4800.0,12100,VND
2020-03-27,4800.0,4800.0,4800.0,4800.0,220930,VND
2020-03-30,4700.0,4700.0,4700.0,4700.0,11400,VND
2020-03-31,4500.0,4500.0,4300.0,4300.0,15189,VND
2020-04-01,4600.0,4600.0,4500.0,4500.0,3100,VND
2020-04-03,4700.0,4700.0,4700.0,4700.0,110,VND
2020-04-06,4600.0,5000.0,4600.0,4900.0,700,VND
2020-04-07,4700.0,4700.0,4700.0,4700.0,27700,VND
2020-04-08,4700.0,4700.0,4700.0,4700.0,2500,VND
2020-04-10,4600.0,4600.0,4500.0,4600.0,11910,VND
2020-04-13,4600.0,5000.0,4500.0,5000.0,310,VND
2020-04-14,4600.0,4900.0,4600.0,4900.0,2230,VND
2020-04-15,4800.0,4800.0,4800.0,4800.0,2069,VND
2020-04-16,4800.0,4800.0,4600.0,4800.0,400,VND
2020-04-17,4800.0,4800.0,4800.0,4800.0,9400,VND
2020-04-20,4800.0,4800.0,4800.0,4800.0,5700,VND
2020-04-21,4800.0,4800.0,4600.0,4700.0,15400,VND
2020-04-22,4900.0,4900.0,4900.0,4900.0,100,VND
2020-04-23,5000.0,5000.0,5000.0,5000.0,50100,VND
2020-04-27,5100.0,5100.0,5100.0,5100.0,50040,VND
2020-04-28,4800.0,5100.0,4700.0,5100.0,2400,VND
2020-05-07,5000.0,5000.0,5000.0,5000.0,5000,VND
2020-05-08,5000.0,5000.0,4900.0,4900.0,4424,VND
2020-05-11,4800.0,5000.0,4800.0,5000.0,200,VND
2020-05-14,5000.0,5200.0,5000.0,5200.0,1000,VND
2020-05-15,5100.0,5200.0,5100.0,5200.0,1000,VND
2020-05-18,5200.0,5200.0,5000.0,5200.0,5800,VND
2020-05-19,5200.0,5200.0,5200.0,5200.0,25000,VND
2020-05-21,5000.0,5200.0,5000.0,5200.0,900,VND
2020-05-22,5000.0,5000.0,5000.0,5000.0,2400,VND
2020-05-25,5000.0,5000.0,5000.0,5000.0,100,VND
2020-05-26,5000.0,5000.0,5000.0,5000.0,400,VND
2020-05-27,5000.0,5000.0,5000.0,5000.0,10000,VND
2020-05-28,5000.0,5000.0,5000.0,5000.0,6071,VND
2020-05-29,4700.0,5000.0,4500.0,5000.0,12100,VND
2020-06-01,4900.0,4900.0,4600.0,4900.0,54409,VND
2020-06-02,4800.0,4800.0,4700.0,4700.0,47777,VND
2020-06-03,4800.0,5100.0,4800.0,4800.0,1700,VND
2020-06-04,4800.0,4900.0,4700.0,4700.0,31700,VND
2020-06-05,4700.0,4800.0,4700.0,4700.0,17300,VND
2020-06-08,4800.0,4900.0,4500.0,4800.0,72685,VND
2020-06-09,4800.0,5000.0,4800.0,4900.0,161150,VND
2020-06-10,4800.0,5100.0,4800.0,5100.0,188151,VND
2020-06-11,5100.0,5600.0,5100.0,5600.0,124567,VND
2020-06-12,5500.0,5600.0,5400.0,5600.0,49750,VND
2020-06-15,5500.0,5600.0,5100.0,5100.0,54400,VND
2020-06-16,5100.0,5400.0,5000.0,5100.0,16600,VND
2020-06-17,5100.0,5400.0,5100.0,5100.0,55363,VND
2020-06-18,5100.0,5200.0,5100.0,5200.0,11132,VND
2020-06-19,5300.0,5300.0,5200.0,5200.0,21900,VND
2020-06-22,5000.0,5300.0,4800.0,5200.0,32652,VND
2020-06-23,5200.0,5200.0,5000.0,5200.0,30300,VND
2020-06-24,5200.0,5500.0,5000.0,5300.0,33020,VND
2020-06-25,5200.0,5400.0,5200.0,5400.0,4100,VND
2020-06-26,5400.0,5400.0,5300.0,5300.0,11313,VND
2020-06-29,5200.0,5200.0,5100.0,5100.0,14014,VND
2020-06-30,5200.0,5200.0,5200.0,5200.0,34100,VND
2020-07-01,5000.0,5200.0,5000.0,5200.0,5900,VND
2020-07-02,5200.0,5200.0,5200.0,5200.0,4800,VND
2020-07-03,5300.0,5300.0,5200.0,5200.0,5300,VND
2020-07-06,5200.0,5200.0,5100.0,5200.0,14200,VND
2020-07-07,5300.0,5300.0,5300.0,5300.0,19900,VND
2020-07-08,5400.0,5400.0,5400.0,5400.0,3505,VND
2020-07-10,5200.0,5500.0,5200.0,5500.0,11400,VND
2020-07-13,5300.0,5500.0,5200.0,5300.0,10300,VND
2020-07-14,5300.0,5500.0,5300.0,5400.0,12500,VND
2020-07-15,5300.0,5500.0,5300.0,5500.0,8710,VND
2020-07-16,5400.0,5400.0,5300.0,5300.0,1580,VND
2020-07-17,5500.0,5500.0,5500.0,5500.0,5600,VND
2020-07-20,5500.0,5600.0,5500.0,5600.0,4631,VND
2020-07-21,5600.0,5700.0,5600.0,5700.0,7240,VND
2020-07-22,5700.0,6200.0,5700.0,6100.0,48242,VND
2020-07-23,6100.0,6100.0,5900.0,6100.0,17700,VND
2020-07-24,6100.0,6100.0,5900.0,5900.0,7600,VND
2020-07-27,6000.0,6000.0,5500.0,5800.0,18500,VND
2020-07-28,5500.0,5900.0,5500.0,5900.0,5006,VND
2020-07-29,5500.0,6000.0,5400.0,6000.0,16000,VND
2020-07-30,5900.0,5900.0,5900.0,5900.0,1500,VND
2020-08-03,5900.0,5900.0,5500.0,5900.0,5337,VND
2020-08-04,5500.0,5900.0,5500.0,5700.0,21122,VND
2020-08-05,5500.0,5800.0,5500.0,5800.0,3400,VND
2020-08-06,5600.0,5900.0,5600.0,5900.0,400,VND
2020-08-07,5600.0,5800.0,5600.0,5700.0,28768,VND
2020-08-10,5700.0,5700.0,5700.0,5700.0,4400,VND
2020-08-11,5900.0,5900.0,5700.0,5700.0,4700,VND
2020-08-12,5700.0,5700.0,5200.0,5500.0,32800,VND
2020-08-13,5600.0,5900.0,5600.0,5900.0,4342,VND
2020-08-14,5900.0,5900.0,5500.0,5700.0,11520,VND
2020-08-18,5600.0,5700.0,5600.0,5700.0,14020,VND
2020-08-19,5600.0,5800.0,5600.0,5800.0,10940,VND
2020-08-20,5700.0,6000.0,5700.0,5900.0,3064,VND
2020-08-21,5900.0,5900.0,5900.0,5900.0,12251,VND
2020-08-24,6000.0,6400.0,5900.0,6300.0,89392,VND
2020-08-25,6300.0,6300.0,6200.0,6300.0,12310,VND
2020-08-26,6400.0,6500.0,6400.0,6400.0,15901,VND
2020-08-27,6300.0,6400.0,6300.0,6300.0,7230,VND
2020-08-28,6300.0,6500.0,6000.0,6300.0,3096,VND
2020-08-31,6200.0,6500.0,6200.0,6300.0,4840,VND
2020-09-01,6100.0,6300.0,6100.0,6300.0,3210,VND
2020-09-03,6300.0,6300.0,6200.0,6300.0,11152,VND
2020-09-04,6300.0,6500.0,6300.0,6500.0,1112,VND
2020-09-07,6500.0,6500.0,6200.0,6200.0,1844,VND
2020-09-08,6200.0,6300.0,6200.0,6200.0,340,VND
2020-09-09,6000.0,6200.0,5900.0,6200.0,39712,VND
2020-09-10,6000.0,6200.0,5900.0,6200.0,19600,VND
2020-09-11,6200.0,6200.0,6100.0,6100.0,400,VND
2020-09-14,6100.0,6700.0,6100.0,6700.0,135309,VND
2020-09-15,6800.0,7000.0,6500.0,6800.0,33715,VND
2020-09-16,6800.0,7000.0,6700.0,6800.0,3708,VND
2020-09-17,6400.0,7000.0,6200.0,7000.0,37737,VND
2020-09-18,7000.0,7200.0,6900.0,7200.0,11200,VND
2020-09-21,6900.0,6900.0,6800.0,6800.0,21222,VND
2020-09-22,6600.0,6800.0,6600.0,6600.0,18600,VND
2020-09-23,6700.0,6700.0,6600.0,6700.0,42270,VND
2020-09-24,6700.0,6800.0,6600.0,6700.0,13970,VND
2020-09-25,6500.0,6900.0,6500.0,6700.0,28332,VND
2020-09-28,6800.0,7200.0,6700.0,6900.0,24960,VND
2020-09-29,6900.0,6900.0,6800.0,6800.0,1700,VND
2020-09-30,6800.0,6800.0,6800.0,6800.0,5200,VND
2020-10-01,6700.0,6900.0,6700.0,6900.0,25870,VND
2020-10-02,6900.0,7200.0,6800.0,7100.0,31760,VND
2020-10-05,7200.0,7500.0,7200.0,7300.0,144800,VND
2020-10-06,7500.0,7500.0,7200.0,7200.0,7200,VND
2020-10-07,7400.0,7400.0,7100.0,7300.0,5653,VND
2020-10-08,7000.0,7100.0,6900.0,7100.0,41100,VND
2020-10-09,7100.0,7100.0,6900.0,7100.0,11263,VND
2020-10-12,7200.0,7200.0,6900.0,6900.0,3200,VND
2020-10-13,6900.0,7100.0,6900.0,7000.0,21700,VND
2020-10-14,7100.0,7300.0,7000.0,7000.0,47610,VND
2020-10-15,7100.0,7100.0,6800.0,7000.0,18756,VND
2020-10-16,7000.0,7000.0,7000.0,7000.0,6600,VND
2020-10-19,7000.0,7100.0,6900.0,7100.0,29100,VND
2020-10-20,7000.0,7000.0,7000.0,7000.0,25256,VND
2020-10-21,7000.0,7000.0,6900.0,7000.0,28452,VND
2020-10-22,6800.0,6900.0,6800.0,6900.0,50000,VND
2020-10-23,7000.0,7100.0,6800.0,6800.0,191820,VND
2020-10-26,6800.0,6800.0,6600.0,6600.0,57100,VND
2020-10-27,6600.0,6600.0,6100.0,6500.0,40310,VND
2020-10-28,6800.0,6800.0,5900.0,5900.0,113954,VND
2020-10-29,5900.0,6200.0,5700.0,6000.0,462608,VND
2020-10-30,6100.0,6100.0,5900.0,5900.0,372700,VND
2020-11-02,6000.0,6000.0,5800.0,5900.0,163600,VND
2020-11-03,5900.0,6300.0,5800.0,5800.0,416560,VND
2020-11-04,6000.0,6200.0,5800.0,6200.0,8452,VND
2020-11-05,5800.0,6000.0,5800.0,6000.0,12140,VND
2020-11-06,6000.0,6000.0,5900.0,6000.0,5612,VND
2020-11-09,6000.0,6000.0,5900.0,6000.0,146551,VND
2020-11-10,6000.0,6000.0,6000.0,6000.0,43420,VND
2020-11-11,6000.0,6200.0,6000.0,6200.0,8800,VND
2020-11-12,6100.0,6200.0,6000.0,6100.0,28700,VND
2020-11-13,6000.0,6200.0,6000.0,6100.0,12400,VND
2020-11-16,6100.0,6100.0,6100.0,6100.0,2200,VND
2020-11-17,6300.0,6300.0,6100.0,6200.0,1258,VND
2020-11-18,6100.0,6200.0,6100.0,6200.0,3500,VND
2020-11-19,6100.0,6100.0,6100.0,6100.0,15206,VND
2020-11-20,6300.0,6300.0,6100.0,6200.0,1550,VND
2020-11-23,6200.0,6400.0,6100.0,6300.0,78200,VND
2020-11-24,6500.0,6500.0,6300.0,6400.0,102370,VND
2020-11-25,6500.0,6500.0,6300.0,6400.0,64730,VND
2020-11-26,6400.0,6600.0,6400.0,6500.0,2920,VND
2020-11-27,6500.0,6800.0,6500.0,6700.0,169190,VND
2020-11-30,6800.0,6800.0,6700.0,6700.0,16300,VND
2020-12-01,6700.0,6700.0,6600.0,6700.0,29200,VND
2020-12-02,6500.0,6800.0,6500.0,6700.0,8000,VND
2020-12-03,6700.0,6700.0,6600.0,6700.0,35110,VND
2020-12-04,6400.0,6700.0,6400.0,6700.0,13300,VND
2020-12-07,6700.0,6700.0,6300.0,6300.0,6610,VND
2020-12-08,6300.0,6800.0,6300.0,6700.0,17170,VND
2020-12-09,6800.0,6800.0,6500.0,6500.0,2125,VND
2020-12-10,6500.0,6500.0,6400.0,6400.0,4280,VND
2020-12-11,6700.0,6700.0,6700.0,6700.0,100,VND
2020-12-14,6500.0,6700.0,6500.0,6700.0,13334,VND
2020-12-15,6700.0,6700.0,6700.0,6700.0,7200,VND
2020-12-16,6700.0,6800.0,6700.0,6800.0,22224,VND
2020-12-17,6700.0,6800.0,6700.0,6800.0,20550,VND
2020-12-18,6800.0,7000.0,6800.0,7000.0,40956,VND
2020-12-21,6900.0,7000.0,6700.0,7000.0,21020,VND
2020-12-22,6800.0,7000.0,6800.0,7000.0,4400,VND
2020-12-23,7300.0,7300.0,6800.0,7000.0,46701,VND
2020-12-24,7100.0,7100.0,6600.0,6800.0,22451,VND
2020-12-25,6900.0,6900.0,6800.0,6900.0,57530,VND
2020-12-28,6900.0,7200.0,6900.0,7000.0,200549,VND
2020-12-29,7000.0,7300.0,7000.0,7200.0,2000,VND
2020-12-30,7700.0,7700.0,7100.0,7200.0,17000,VND
2020-12-31,7600.0,7900.0,7100.0,7700.0,121850,VND
2021-01-04,7900.0,8400.0,7900.0,8400.0,378619,VND
2021-01-05,8800.0,8800.0,8400.0,8600.0,115600,VND
2021-01-06,8600.0,8900.0,8200.0,8600.0,114795,VND
2021-01-07,8100.0,8600.0,8100.0,8400.0,38028,VND
2021-01-08,8700.0,8700.0,8200.0,8200.0,3617,VND
2021-01-11,8200.0,8200.0,7900.0,8000.0,18487,VND
2021-01-12,7800.0,7900.0,7500.0,7900.0,22754,VND
2021-01-13,7600.0,7900.0,7600.0,7900.0,36859,VND
2021-01-14,8100.0,8600.0,7900.0,8100.0,3815,VND
2021-01-15,8000.0,8100.0,7800.0,8100.0,29464,VND
2021-01-18,7800.0,8300.0,7800.0,7900.0,63778,VND
2021-01-19,7900.0,7900.0,7500.0,7600.0,56939,VND
2021-01-20,7500.0,8100.0,7000.0,7600.0,111100,VND
2021-01-21,7600.0,8200.0,7600.0,7900.0,15300,VND
2021-01-22,7900.0,7900.0,7800.0,7900.0,14900,VND
2021-01-25,7800.0,8000.0,7700.0,7900.0,76000,VND
2021-01-26,8000.0,8200.0,7800.0,8000.0,117140,VND
2021-01-27,7900.0,8000.0,7500.0,7800.0,114600,VND
2021-01-28,7300.0,7800.0,7100.0,7100.0,272000,VND
2021-01-29,6900.0,7700.0,6900.0,7600.0,12800,VND
2021-02-01,7200.0,7200.0,6900.0,6900.0,125400,VND
2021-02-02,7100.0,7100.0,7100.0,7100.0,23692,VND
2021-02-03,7600.0,7600.0,7000.0,7400.0,7414,VND
2021-02-04,7800.0,7800.0,6900.0,6900.0,79792,VND
2021-02-05,7100.0,7100.0,6800.0,7100.0,52206,VND
2021-02-08,7500.0,7500.0,7000.0,7100.0,6500,VND
2021-02-09,7000.0,7200.0,6400.0,6600.0,61848,VND
2021-02-17,7200.0,7200.0,6800.0,7000.0,35512,VND
2021-02-18,7100.0,7200.0,7000.0,7200.0,17700,VND
2021-02-19,6900.0,7000.0,6900.0,7000.0,29488,VND
2021-02-22,7000.0,7200.0,7000.0,7000.0,25120,VND
2021-02-23,7600.0,7600.0,7100.0,7200.0,4366,VND
2021-02-24,7200.0,7300.0,7000.0,7200.0,23100,VND
2021-02-25,7000.0,7100.0,7000.0,7100.0,23956,VND
2021-02-26,7100.0,7200.0,7000.0,7000.0,36100,VND
2021-03-01,7200.0,7200.0,7000.0,7100.0,44300,VND
2021-03-02,7000.0,7100.0,6900.0,7100.0,66220,VND
2021-03-03,7000.0,7100.0,7000.0,7000.0,43600,VND
2021-03-04,7000.0,7300.0,7000.0,7200.0,50128,VND
2021-03-05,7100.0,7900.0,7000.0,7900.0,104400,VND
2021-03-08,7900.0,8500.0,7900.0,8200.0,116626,VND
2021-03-09,8000.0,8200.0,7800.0,8100.0,66100,VND
2021-03-10,7900.0,8100.0,7700.0,8000.0,54103,VND
2021-03-11,7700.0,7900.0,7600.0,7800.0,73910,VND
2021-03-12,7700.0,7900.0,7500.0,7800.0,52900,VND
2021-03-15,7700.0,7900.0,7700.0,7800.0,66201,VND
2021-03-16,7800.0,7900.0,7800.0,7900.0,27804,VND
2021-03-17,7900.0,8000.0,7800.0,8000.0,37408,VND
2021-03-18,8000.0,8000.0,7900.0,8000.0,50200,VND
2021-03-19,7900.0,8200.0,7900.0,8000.0,80700,VND
2021-03-22,8000.0,8700.0,8000.0,8700.0,259397,VND
2021-03-23,8600.0,8900.0,8400.0,8600.0,76234,VND
2021-03-24,8300.0,8500.0,8100.0,8500.0,61655,VND
2021-03-25,8500.0,8500.0,8300.0,8400.0,29000,VND
2021-03-26,8300.0,8500.0,7900.0,8300.0,63310,VND
2021-03-29,8200.0,8300.0,8000.0,8300.0,92600,VND
2021-03-30,8200.0,8500.0,8100.0,8400.0,25068,VND
2021-03-31,8300.0,8600.0,8300.0,8500.0,37118,VND
2021-04-01,8500.0,8500.0,8200.0,8500.0,47987,VND
2021-04-02,8200.0,8500.0,8200.0,8500.0,17504,VND
2021-04-05,8400.0,8800.0,8100.0,8800.0,209856,VND
2021-04-06,8800.0,8900.0,8600.0,8800.0,105599,VND
2021-04-07,8800.0,9100.0,8700.0,9000.0,182060,VND
2021-04-08,9000.0,9200.0,8800.0,9000.0,132128,VND
2021-04-09,9000.0,9000.0,8800.0,9000.0,48224,VND
2021-04-12,8800.0,9000.0,8600.0,9000.0,497770,VND
2021-04-13,9000.0,9500.0,8900.0,9000.0,293483,VND
2021-04-14,9000.0,9200.0,8900.0,9200.0,155000,VND
2021-04-15,9300.0,9300.0,9000.0,9200.0,226682,VND
2021-04-16,9000.0,9200.0,8500.0,8900.0,185160,VND
2021-04-19,8900.0,9000.0,8600.0,8700.0,80600,VND
2021-04-20,8600.0,8800.0,8600.0,8700.0,151630,VND
2021-04-22,8700.0,8800.0,8300.0,8400.0,117400,VND
2021-04-23,8100.0,8400.0,8000.0,8400.0,62500,VND
2021-04-26,8700.0,8700.0,8200.0,8400.0,154610,VND
2021-04-27,8300.0,8400.0,8200.0,8300.0,28000,VND
2021-04-28,8400.0,8400.0,8200.0,8300.0,9075,VND
2021-04-29,8300.0,8500.0,8200.0,8300.0,24738,VND
2021-05-04,7900.0,8300.0,7900.0,8200.0,3130,VND
2021-05-05,8000.0,8200.0,7900.0,8100.0,37450,VND
2021-05-06,8100.0,8500.0,8100.0,8300.0,30400,VND
2021-05-07,8100.0,8400.0,8100.0,8400.0,76057,VND
2021-05-10,8400.0,8400.0,7900.0,8300.0,20800,VND
2021-05-11,8300.0,8300.0,8100.0,8200.0,16325,VND
2021-05-12,8100.0,8300.0,8100.0,8300.0,4500,VND
2021-05-13,9000.0,9000.0,8200.0,8300.0,10960,VND
2021-05-14,8100.0,8300.0,8100.0,8300.0,2140,VND
2021-05-17,8100.0,8200.0,7900.0,8200.0,18522,VND
2021-05-18,8100.0,8300.0,7900.0,8200.0,21900,VND
2021-05-19,8000.0,8200.0,7900.0,8000.0,27712,VND
2021-05-20,8100.0,8100.0,8000.0,8100.0,300,VND
2021-05-21,7900.0,8100.0,7800.0,8100.0,33000,VND
2021-05-24,8200.0,8200.0,7900.0,8000.0,28500,VND
2021-05-25,8000.0,8100.0,7800.0,7800.0,60200,VND
2021-05-26,7900.0,7900.0,7600.0,7800.0,91708,VND
2021-05-27,7700.0,7900.0,7700.0,7900.0,17800,VND
2021-05-28,7700.0,7800.0,7600.0,7700.0,8900,VND
2021-05-31,7700.0,7800.0,7600.0,7700.0,30436,VND
2021-06-01,7600.0,8100.0,7500.0,8000.0,682272,VND
2021-06-02,8100.0,8500.0,8100.0,8100.0,164200,VND
2021-06-03,8100.0,8200.0,7900.0,8100.0,46944,VND
2021-06-04,8000.0,8100.0,7700.0,7900.0,98900,VND
2021-06-07,7800.0,8000.0,7700.0,8000.0,56485,VND
2021-06-08,8000.0,8300.0,8000.0,8200.0,94400,VND
2021-06-09,8100.0,8200.0,7800.0,8200.0,43600,VND
2021-06-10,8100.0,8200.0,7800.0,8000.0,54200,VND
2021-06-11,7900.0,8000.0,7800.0,8000.0,43144,VND
2021-06-14,7900.0,8000.0,7700.0,7900.0,98339,VND
2021-06-15,7900.0,8000.0,7700.0,7900.0,36201,VND
2021-06-16,7800.0,8000.0,7700.0,7900.0,11295,VND
2021-06-17,7700.0,8000.0,7600.0,7900.0,74110,VND
2021-06-18,7900.0,8000.0,7800.0,8000.0,53300,VND
2021-06-21,7800.0,8700.0,7800.0,8400.0,528163,VND
2021-06-22,8400.0,8500.0,8200.0,8300.0,25713,VND
2021-06-23,8300.0,8300.0,8000.0,8200.0,29701,VND
2021-06-24,8100.0,8200.0,8000.0,8100.0,48930,VND
2021-06-25,8000.0,8100.0,7900.0,8100.0,65100,VND
2021-06-28,8100.0,8200.0,7900.0,8100.0,141980,VND
2021-06-29,7900.0,8000.0,7800.0,7900.0,85500,VND
2021-06-30,7900.0,7900.0,7800.0,7900.0,42409,VND
2021-07-01,7800.0,7900.0,7700.0,7900.0,73006,VND
2021-07-02,7800.0,7800.0,7600.0,7800.0,98935,VND
2021-07-05,7800.0,7800.0,7600.0,7700.0,30200,VND
2021-07-06,7700.0,7700.0,7500.0,7700.0,23040,VND
2021-07-07,7400.0,7800.0,7400.0,7700.0,240614,VND
2021-07-08,7600.0,7700.0,7500.0,7700.0,51200,VND
2021-07-09,7600.0,7700.0,7400.0,7600.0,82000,VND
2021-07-12,7300.0,7400.0,7000.0,7200.0,82622,VND
2021-07-13,7200.0,7300.0,7100.0,7300.0,20360,VND
2021-07-14,7200.0,7300.0,7000.0,7200.0,22700,VND
2021-07-15,7200.0,7500.0,7200.0,7400.0,34900,VND
2021-07-16,7300.0,7400.0,7300.0,7300.0,1300,VND
2021-07-19,7100.0,7300.0,6900.0,7100.0,77435,VND
2021-07-20,7100.0,7200.0,7000.0,7100.0,19120,VND
2021-07-21,7100.0,7200.0,7000.0,7100.0,51482,VND
2021-07-22,7100.0,7200.0,7000.0,7200.0,40410,VND
2021-07-23,7100.0,7200.0,7000.0,7100.0,22430,VND
2021-07-26,7100.0,7200.0,7000.0,7100.0,80700,VND
2021-07-27,7000.0,7400.0,7000.0,7300.0,57926,VND
2021-07-28,7200.0,7300.0,7200.0,7300.0,14300,VND
2021-07-29,7300.0,7400.0,7300.0,7400.0,12301,VND
2021-07-30,7200.0,7400.0,7200.0,7300.0,11912,VND
2021-08-02,7200.0,7200.0,6900.0,7200.0,66237,VND
2021-08-03,7100.0,7200.0,7000.0,7200.0,11804,VND
2021-08-04,7200.0,7200.0,7000.0,7200.0,21025,VND
2021-08-05,7200.0,7200.0,7200.0,7200.0,1325,VND
2021-08-06,7100.0,7200.0,7000.0,7200.0,22203,VND
2021-08-09,7000.0,7200.0,7000.0,7200.0,19018,VND
2021-08-10,7200.0,7300.0,7200.0,7300.0,26420,VND
2021-08-11,7200.0,7500.0,7200.0,7400.0,28226,VND
2021-08-12,7300.0,7400.0,7300.0,7400.0,11460,VND
2021-08-13,7300.0,7400.0,7200.0,7400.0,20059,VND
2021-08-16,7200.0,7400.0,7200.0,7300.0,19574,VND
2021-08-17,7400.0,7400.0,7200.0,7200.0,32679,VND
2021-08-18,7300.0,7400.0,7200.0,7300.0,36877,VND
2021-08-19,7100.0,7400.0,7000.0,7400.0,124496,VND
2021-08-20,7400.0,7400.0,7000.0,7200.0,68209,VND
2021-08-23,7100.0,7200.0,7000.0,7200.0,8600,VND
2021-08-24,7100.0,7200.0,6900.0,7100.0,48700,VND
2021-08-25,7000.0,7100.0,7000.0,7100.0,21660,VND
2021-08-26,7100.0,7200.0,7000.0,7100.0,10009,VND
2021-08-27,7000.0,7100.0,6900.0,7100.0,37800,VND
2021-08-30,6900.0,7200.0,6900.0,7100.0,90200,VND
2021-08-31,7100.0,7200.0,6900.0,7100.0,56500,VND
2021-09-01,7000.0,7200.0,6900.0,7100.0,180538,VND
2021-09-06,7200.0,7800.0,7200.0,7800.0,394990,VND
2021-09-07,7900.0,8100.0,7600.0,7800.0,122958,VND
2021-09-08,7600.0,7900.0,7600.0,7800.0,113048,VND
2021-09-09,7600.0,8500.0,7600.0,8300.0,682754,VND
2021-09-10,8500.0,8700.0,8300.0,8300.0,171863,VND
2021-09-13,8400.0,8500.0,8100.0,8400.0,184700,VND
2021-09-14,8400.0,8900.0,8000.0,8700.0,483521,VND
2021-09-15,8700.0,8700.0,8400.0,8500.0,174100,VND
2021-09-16,8500.0,9300.0,8500.0,9100.0,708826,VND
2021-09-17,9100.0,9500.0,9000.0,9400.0,468249,VND
2021-09-20,9400.0,9800.0,9300.0,9400.0,490850,VND
2021-09-21,9300.0,9300.0,8700.0,9300.0,240793,VND
2021-09-22,9400.0,10200.0,9400.0,10200.0,942979,VND
2021-09-23,10600.0,11200.0,9500.0,9900.0,347007,VND
2021-09-24,9900.0,9900.0,9400.0,9500.0,239100,VND
2021-09-27,9400.0,9400.0,8600.0,8600.0,514449,VND
2021-09-28,8400.0,8800.0,8100.0,8700.0,204058,VND
2021-09-29,8600.0,9000.0,8500.0,8800.0,91960,VND
2021-09-30,8800.0,9100.0,8800.0,9000.0,132424,VND
2021-10-01,8800.0,9200.0,8800.0,9000.0,152337,VND
