2013-01-02,5.057,9.6,0.0,9.394,6600.0,62000000.0,0.0,0.0,9.4,9.6,9.4,6600.0
2013-01-03,5.057,9.6,0.0,9.62,15800.0,152000000.0,0.0,0.0,9.6,9.7,9.6,15800.0
2013-01-04,5.004,9.5,-1.0417,9.538,6710.0,64000000.0,0.0,0.0,9.6,9.6,9.5,6710.0
2013-01-07,5.214,9.9,4.2105,9.663,40980.0,396000000.0,0.0,0.0,9.6,9.9,9.6,40980.0
2013-01-08,5.165,9.8,-1.0101,9.9,11010.0,109000000.0,0.0,0.0,9.5,9.9,9.5,11010.0
2013-01-09,5.214,9.9,1.0204,9.962,33930.0,338000000.0,0.0,0.0,10.0,10.0,9.9,33930.0
2013-01-10,5.214,9.9,0.0,9.874,17420.0,172000000.0,0.0,0.0,9.9,10.0,9.9,17420.0
2013-01-11,5.373,10.2,3.0303,9.963,2710.0,27000000.0,0.0,0.0,10.3,10.3,9.8,2710.0
2013-01-14,5.533,10.5,2.9412,10.219,1370.0,14000000.0,0.0,0.0,9.9,10.5,9.9,1370.0
2013-01-15,5.533,10.5,0.0,9.957,6930.0,69000000.0,0.0,0.0,10.0,10.6,10.0,6930.0
2013-01-16,5.426,10.3,-1.9048,10.233,19350.0,198000000.0,0.0,0.0,10.1,11.0,10.0,19350.0
2013-01-17,5.478,10.4,0.9709,10.256,2730.0,28000000.0,0.0,0.0,10.0,10.4,10.0,2730.0
2013-01-18,5.11,9.7,-6.7308,9.815,10800.0,106000000.0,0.0,0.0,10.0,10.3,9.7,10800.0
2013-01-21,4.899,9.3,-4.1237,0.0,20.0,0.0,0.0,0.0,9.3,9.3,9.3,20.0
2013-01-22,4.847,9.2,-1.0753,9.695,13100.0,127000000.0,0.0,0.0,9.2,9.9,9.2,13100.0
2013-01-23,4.899,9.3,1.087,9.333,750.0,7000000.0,0.0,0.0,9.3,9.3,9.3,750.0
2013-01-24,4.953,9.4,1.0753,9.615,520.0,5000000.0,0.0,0.0,9.3,9.4,9.3,520.0
2013-01-25,5.165,9.8,4.2553,9.466,5810.0,55000000.0,0.0,0.0,9.4,9.8,9.4,5810.0
2013-01-28,5.322,10.1,3.0612,10.21,19490.0,199000000.0,0.0,0.0,10.2,10.4,9.3,19490.0
2013-01-29,5.322,10.1,0.0,10.129,13920.0,141000000.0,0.0,0.0,10.2,10.2,10.1,13920.0
2013-01-30,5.426,10.3,1.9802,10.314,14350.0,148000000.0,0.0,0.0,10.3,10.4,10.3,14350.0
2013-01-31,5.426,10.3,0.0,10.31,9990.0,103000000.0,0.0,0.0,10.4,10.4,10.3,9990.0
2013-02-01,5.426,10.3,0.0,10.331,14520.0,150000000.0,0.0,0.0,10.3,10.3,10.3,14520.0
2013-02-04,5.268,10.0,-2.9126,10.119,8400.0,85000000.0,0.0,0.0,10.1,10.1,10.0,8400.0
2013-02-05,5.11,9.7,-3.0,0.0,10.0,0.0,0.0,0.0,9.7,9.7,9.7,10.0
2013-02-06,5.11,9.7,0.0,9.7,0.0,0.0,0.0,0.0,9.7,9.7,9.7,0.0
2013-02-07,5.426,10.3,6.1856,10.3,9320.0,96000000.0,0.0,0.0,10.3,10.3,10.3,9320.0
2013-02-08,5.165,9.8,0.0,12.0,250.0,3000000.0,0.0,0.0,11.0,11.0,9.8,250.0
2013-02-18,5.426,10.3,5.102,10.286,10500.0,108000000.0,0.0,0.0,10.2,10.3,10.2,10500.0
2013-02-19,5.689,10.8,4.8544,10.239,10060.0,103000000.0,0.0,0.0,10.2,10.8,10.2,10060.0
2013-02-20,5.584,10.6,-1.8519,10.466,20830.0,218000000.0,0.0,0.0,10.4,10.6,10.3,20830.0
2013-02-21,5.426,10.3,-2.8302,10.297,10100.0,104000000.0,0.0,0.0,10.3,10.3,10.3,10100.0
2013-02-22,5.373,10.2,-0.9709,10.158,24020.0,244000000.0,0.0,192000000.0,10.2,10.2,10.1,24020.0
2013-02-25,5.478,10.4,1.9608,16.667,60.0,1000000.0,0.0,0.0,10.4,10.4,10.4,60.0
2013-02-26,5.373,10.2,-1.9231,10.184,14140.0,144000000.0,0.0,0.0,10.2,10.3,10.2,14140.0
2013-02-27,5.426,10.3,0.9804,10.229,17500.0,179000000.0,0.0,0.0,10.0,10.3,10.0,17500.0
2013-02-28,5.426,10.3,0.0,10.313,16000.0,165000000.0,0.0,0.0,10.3,10.3,10.3,16000.0
2013-03-01,5.426,10.3,0.0,10.346,26870.0,278000000.0,0.0,0.0,10.3,10.4,10.3,26870.0
2013-03-04,5.268,10.0,-2.9126,10.0,700.0,7000000.0,0.0,0.0,10.0,10.0,10.0,700.0
2013-03-05,5.268,10.0,0.0,10.228,16230.0,166000000.0,0.0,0.0,10.1,10.3,10.0,16230.0
2013-03-06,5.268,10.0,0.0,10.0,0.0,0.0,0.0,0.0,10.0,10.0,10.0,0.0
2013-03-07,5.478,10.4,4.0,10.411,46010.0,479000000.0,0.0,0.0,10.2,10.5,10.2,46010.0
2013-03-08,5.478,10.4,0.0,10.366,8200.0,85000000.0,0.0,0.0,10.4,10.4,10.4,8200.0
2013-03-11,5.478,10.4,0.0,11.111,450.0,5000000.0,0.0,0.0,10.0,10.4,10.0,450.0
2013-03-12,5.533,10.5,0.9615,10.483,19270.0,202000000.0,0.0,0.0,10.4,10.5,10.4,19270.0
2013-03-13,5.533,10.5,0.0,10.507,13800.0,145000000.0,0.0,0.0,10.5,10.5,10.4,13800.0
2013-03-14,5.533,10.5,0.0,10.518,18350.0,193000000.0,0.0,240100000.0,10.5,10.5,10.5,18350.0
2013-03-15,5.533,10.5,0.0,10.909,550.0,6000000.0,0.0,0.0,10.2,10.5,10.2,550.0
2013-03-18,5.426,10.3,-1.9048,16.667,60.0,1000000.0,0.0,0.0,10.3,10.3,10.3,60.0
2013-03-19,5.478,10.4,0.9709,10.309,970.0,10000000.0,0.0,0.0,10.2,10.6,10.2,970.0
2013-03-20,5.533,10.5,0.9615,10.526,380.0,4000000.0,0.0,0.0,10.2,10.5,10.2,380.0
2013-03-21,5.533,10.5,0.0,10.504,14280.0,150000000.0,0.0,0.0,10.5,10.5,10.5,14280.0
2013-03-22,5.533,10.5,0.0,9.836,610.0,6000000.0,0.0,0.0,10.5,10.5,10.5,610.0
2013-03-25,5.478,10.4,-0.9524,10.566,2650.0,28000000.0,0.0,0.0,10.5,10.5,10.4,2650.0
2013-03-26,5.478,10.4,0.0,10.449,16940.0,177000000.0,0.0,0.0,10.4,10.5,10.3,16940.0
2013-03-27,5.478,10.4,0.0,10.687,1310.0,14000000.0,0.0,0.0,10.3,10.5,10.3,1310.0
2013-03-28,5.478,10.4,0.0,10.298,3690.0,38000000.0,0.0,0.0,10.2,10.4,10.2,3690.0
2013-03-29,5.584,10.6,1.9231,9.804,510.0,5000000.0,0.0,0.0,10.2,10.6,10.2,510.0
2013-04-01,5.533,10.5,-0.9434,10.468,8980.0,94000000.0,0.0,0.0,10.5,10.5,10.5,8980.0
2013-04-02,5.533,10.5,0.0,10.5,4990.0,52000000.0,0.0,0.0,10.5,10.5,10.5,4990.0
2013-04-03,5.533,10.5,0.0,10.0,700.0,7000000.0,0.0,0.0,10.4,10.5,10.4,700.0
2013-04-04,5.533,10.5,0.0,10.5,0.0,0.0,0.0,0.0,10.5,10.5,10.5,0.0
2013-04-05,5.373,10.2,-2.8571,10.909,550.0,6000000.0,0.0,0.0,10.5,10.5,10.2,550.0
2013-04-08,5.373,10.2,0.0,10.188,12760.0,130000000.0,0.0,0.0,10.2,10.2,10.2,12760.0
2013-04-09,5.373,10.2,0.0,10.096,2080.0,21000000.0,0.0,0.0,10.2,10.2,10.2,2080.0
2013-04-10,5.373,10.2,0.0,10.39,2310.0,24000000.0,0.0,0.0,10.2,10.2,10.2,2310.0
2013-04-11,5.637,10.7,4.902,10.139,5030.0,51000000.0,0.0,0.0,10.2,10.7,10.1,5030.0
2013-04-12,5.373,10.2,-4.6729,0.0,10.0,0.0,0.0,0.0,10.2,10.2,10.2,10.0
2013-04-15,5.373,10.2,0.0,10.139,5030.0,51000000.0,0.0,0.0,10.6,10.6,10.2,5030.0
2013-04-16,5.268,10.0,-1.9608,10.012,8690.0,87000000.0,0.0,0.0,10.2,10.2,9.8,8690.0
2013-04-17,5.268,10.0,0.0,10.0,1000.0,10000000.0,0.0,0.0,10.0,10.0,10.0,1000.0
2013-04-18,5.268,10.0,0.0,9.677,930.0,9000000.0,0.0,0.0,10.0,10.0,10.0,930.0
2013-04-22,5.478,10.4,4.0,10.303,3300.0,34000000.0,0.0,0.0,10.0,10.4,10.0,3300.0
2013-04-23,5.268,10.0,-3.8462,10.181,10510.0,107000000.0,0.0,0.0,10.4,10.5,10.0,10510.0
2013-04-24,5.533,10.5,5.0,10.352,46080.0,477000000.0,0.0,0.0,10.0,10.5,10.0,46080.0
2013-04-25,5.478,10.4,-0.9524,10.424,20050.0,209000000.0,0.0,0.0,10.4,10.4,10.1,20050.0
2013-04-26,5.322,10.1,0.0,10.394,15490.0,161000000.0,0.0,0.0,10.1,10.5,10.1,15490.0
2013-05-02,5.533,10.5,3.9604,10.482,28240.0,296000000.0,0.0,0.0,10.5,10.5,10.2,28240.0
2013-05-03,5.533,10.5,0.0,10.497,17720.0,186000000.0,0.0,0.0,10.5,10.5,10.5,17720.0
2013-05-06,5.689,10.8,2.8571,10.572,14850.0,157000000.0,0.0,0.0,10.5,10.8,10.4,14850.0
2013-05-07,5.9,11.2,3.7037,10.872,19500.0,212000000.0,0.0,0.0,10.5,11.2,10.5,19500.0
2013-05-08,5.637,10.7,-4.4643,7.692,130.0,1000000.0,0.0,0.0,10.6,11.0,10.6,130.0
2013-05-09,5.584,10.6,-0.9346,10.726,3170.0,34000000.0,0.0,0.0,11.0,11.0,10.5,3170.0
2013-05-10,5.584,10.6,0.0,10.556,1800.0,19000000.0,0.0,0.0,10.6,10.6,10.6,1800.0
2013-05-13,5.689,10.8,1.8868,11.162,11020.0,123000000.0,0.0,0.0,11.2,11.3,10.7,11020.0
2013-05-14,5.795,11.0,1.8519,11.034,1450.0,16000000.0,0.0,0.0,10.6,11.0,10.6,1450.0
2013-05-15,5.742,10.9,-0.9091,0.0,20.0,0.0,0.0,0.0,10.9,10.9,10.9,20.0
2013-05-16,5.584,10.6,-2.7523,10.708,5510.0,59000000.0,0.0,0.0,10.9,10.9,10.6,5510.0
2013-05-17,5.689,10.8,1.8868,10.909,550.0,6000000.0,0.0,0.0,10.7,10.8,10.7,550.0
2013-05-20,5.637,10.7,-0.9259,10.689,4210.0,45000000.0,0.0,0.0,10.6,11.1,10.5,4210.0
2013-05-21,6.004,11.4,6.5421,11.235,34180.0,384000000.0,0.0,0.0,10.6,11.4,10.6,34180.0
2013-05-22,5.637,10.7,-6.1404,10.97,11010.0,120816000.0,0.0,0.0,11.4,11.4,10.7,11010.0
2013-05-23,5.847,11.1,3.7383,10.791,2780.0,30000000.0,0.0,0.0,10.8,11.1,10.8,2780.0
2013-05-24,5.689,10.8,-2.7027,10.811,2220.0,24000000.0,0.0,0.0,10.8,11.0,10.8,2220.0
2013-05-27,5.742,10.9,0.9259,10.93,60.0,656000.0,0.0,0.0,10.8,11.4,10.8,60.0
2013-05-28,5.9,11.2,2.7523,10.86,6360.0,69088000.0,0.0,0.0,10.9,11.2,10.8,6360.0
2013-05-29,5.742,10.9,-2.6786,10.98,5980.0,65677000.0,0.0,0.0,11.0,11.0,10.9,5980.0
2013-05-30,5.689,10.8,-0.9174,10.9,510.0,5558000.0,0.0,0.0,10.9,10.9,10.8,510.0
2013-05-31,5.795,11.0,1.8519,10.836,14120.0,153000000.0,0.0,0.0,10.8,11.2,10.7,14120.0
2013-06-03,5.9,11.2,1.8182,11.01,7120.0,78378000.0,0.0,0.0,11.0,11.2,11.0,7120.0
2013-06-04,5.795,11.0,-1.7857,11.1,4450.0,49390000.0,0.0,0.0,11.1,11.2,11.0,4450.0
2013-06-05,5.795,11.0,0.0,11.037,10510.0,116000000.0,0.0,0.0,10.8,11.0,10.8,10510.0
2013-06-06,5.847,11.1,0.9091,11.43,36960.0,422291000.0,0.0,0.0,11.0,11.6,11.0,36960.0
2013-06-07,5.9,11.2,0.9009,11.47,32480.0,372403000.0,0.0,0.0,11.5,11.6,11.1,32480.0
2013-06-10,5.952,11.3,0.8929,11.6,16220.0,188153000.0,0.0,0.0,11.2,11.7,11.2,16220.0
2013-06-11,6.216,11.8,4.4248,11.72,41350.0,484581000.0,0.0,0.0,11.3,11.8,11.3,41350.0
2013-06-12,6.058,11.5,-2.5424,11.85,18200.0,215648000.0,0.0,0.0,12.5,12.5,11.5,18200.0
2013-06-13,6.48,12.3,6.9565,12.22,15030.0,183680000.0,0.0,0.0,11.5,12.3,11.5,15030.0
2013-06-14,6.533,12.4,0.813,12.342,11100.0,137000000.0,0.0,0.0,12.3,12.9,12.3,11100.0
2013-06-17,6.848,13.0,4.8387,12.73,39680.0,505197000.0,0.0,0.0,12.4,13.0,12.0,39680.0
2013-06-18,6.638,12.6,-3.0769,12.92,15720.0,203150000.0,0.0,0.0,12.9,13.0,12.6,15720.0
2013-06-19,6.69,12.7,0.7937,12.322,2110.0,26000000.0,0.0,0.0,12.9,12.9,12.5,2110.0
2013-06-20,6.428,12.2,-3.937,12.5,5120.0,64000000.0,0.0,0.0,12.4,12.6,12.2,5120.0
2013-06-21,6.586,12.5,2.459,12.414,2900.0,36000000.0,0.0,0.0,12.3,12.5,12.3,2900.0
2013-06-24,6.743,12.8,2.4,9.091,110.0,1000000.0,0.0,0.0,12.7,12.8,12.7,110.0
2013-06-25,6.374,12.1,-5.4688,12.06,17800.0,214694000.0,0.0,0.0,12.1,12.1,12.0,17800.0
2013-06-26,6.428,12.2,0.8264,12.39,8020.0,99345000.0,0.0,0.0,12.3,12.5,12.1,8020.0
2013-06-27,6.69,12.7,4.0984,12.56,2270.0,28505000.0,0.0,0.0,11.4,12.8,11.4,2270.0
2013-06-28,6.69,12.7,0.0,12.7,10120.0,128504000.0,0.0,0.0,12.5,12.7,12.5,10120.0
2013-07-01,6.48,12.3,-3.1496,12.68,15810.0,200483000.0,0.0,0.0,12.7,12.7,12.3,15810.0
2013-07-02,6.533,12.4,0.813,12.48,5550.0,69263000.0,0.0,0.0,12.5,12.5,12.0,5550.0
2013-07-03,6.743,12.8,3.2258,12.47,16940.0,211164000.0,0.0,0.0,12.5,12.8,12.4,16940.0
2013-07-04,6.69,12.7,-0.7813,12.47,12040.0,150097000.0,0.0,0.0,12.6,12.8,12.1,12040.0
2013-07-05,6.428,12.2,-3.937,12.22,4800.0,58665000.0,0.0,0.0,12.3,12.3,12.2,4800.0
2013-07-08,6.428,12.2,0.0,12.2,0.0,0.0,0.0,0.0,12.2,12.2,12.2,0.0
2013-07-09,6.586,12.5,2.459,12.318,6170.0,76000000.0,0.0,0.0,12.3,12.5,12.3,6170.0
2013-07-10,6.586,12.5,0.0,12.5,5800.0,72500000.0,0.0,0.0,12.5,12.5,12.5,5800.0
2013-07-11,6.796,12.9,3.2,12.59,1700.0,21400000.0,0.0,0.0,12.2,12.9,12.2,1700.0
2013-07-12,6.586,12.5,-3.1008,12.43,12470.0,155000000.0,0.0,0.0,13.4,13.4,12.4,12470.0
2013-07-15,6.638,12.6,0.8,12.6,17580.0,221548000.0,0.0,0.0,12.6,12.7,12.5,17580.0
2013-07-16,6.69,12.7,0.7937,12.55,4150.0,52073000.0,0.0,0.0,12.4,13.0,12.4,4150.0
2013-07-17,6.69,12.7,0.0,12.66,2330.0,29489000.0,0.0,0.0,12.5,12.9,12.5,2330.0
2013-07-18,6.743,12.8,0.7874,12.6,1420.0,17894000.0,0.0,0.0,12.6,12.8,12.6,1420.0
2013-07-19,6.69,12.7,-0.7813,12.769,7440.0,95000000.0,0.0,0.0,12.8,12.8,12.7,7440.0
2013-07-22,6.743,12.8,0.0,12.8,1010.0,12930000.0,0.0,0.0,13.0,13.0,12.8,1010.0
2013-07-23,6.586,12.5,-2.3438,12.36,1770.0,21878000.0,0.0,0.0,12.0,12.8,12.0,1770.0
2013-07-24,6.743,12.8,2.4,12.57,7250.0,91117000.0,0.0,0.0,12.6,12.9,12.5,7250.0
2013-07-25,6.743,12.8,0.0,12.72,3330.0,42342000.0,0.0,0.0,12.7,12.8,12.7,3330.0
2013-07-26,6.743,12.8,0.0,12.8,330.0,4224000.0,0.0,0.0,12.8,12.8,12.8,330.0
2013-07-29,6.477,12.3,-3.9063,12.5,6400.0,79970000.0,0.0,0.0,12.6,12.6,12.3,6400.0
2013-07-30,6.743,12.8,4.065,12.37,30.0,371000.0,0.0,0.0,11.5,12.8,11.5,30.0
2013-07-31,6.638,12.6,-1.5625,12.69,3200.0,40620000.0,0.0,0.0,12.7,12.7,12.6,3200.0
2013-08-01,6.586,12.5,-0.7937,12.58,3700.0,46550000.0,0.0,0.0,12.6,12.6,12.5,3700.0
2013-08-02,6.638,12.6,0.8,12.57,1010.0,12693000.0,0.0,0.0,12.8,12.8,12.5,1010.0
2013-08-05,6.796,12.9,2.381,12.6,10030.0,126387000.0,0.0,0.0,12.9,12.9,12.6,10030.0
2013-08-06,6.533,12.4,-3.876,12.409,4110.0,51000000.0,0.0,0.0,12.0,12.8,12.0,4110.0
2013-08-07,6.533,12.5,0.8065,12.12,3970.0,48125000.0,0.0,0.0,12.4,12.5,11.6,3970.0
2013-08-08,6.848,13.0,4.0,12.95,64650.0,837180000.0,0.0,0.0,12.5,13.3,12.5,64650.0
2013-08-09,7.113,13.5,3.8462,13.14,28120.0,369461000.0,0.0,0.0,13.1,13.5,13.0,28120.0
2013-08-12,7.27,13.8,2.2222,13.62,6730.0,91676000.0,0.0,0.0,14.0,14.0,13.5,6730.0
2013-08-13,7.005,13.3,-3.6232,13.42,13480.0,180884000.0,0.0,0.0,13.8,13.8,13.2,13480.0
2013-08-14,7.164,13.6,2.2556,13.45,7750.0,104250000.0,0.0,0.0,13.3,13.8,13.3,7750.0
2013-08-15,7.164,13.6,0.0,13.6,3600.0,48960000.0,0.0,0.0,13.6,13.6,13.6,3600.0
2013-08-16,7.324,13.9,2.2059,13.56,13180.0,178745000.0,0.0,0.0,13.4,13.9,13.3,13180.0
2013-08-19,7.43,14.1,1.4388,14.1,32090.0,452418000.0,0.0,0.0,13.8,14.7,13.0,32090.0
2013-08-20,7.324,13.9,-1.4184,13.83,24290.0,335901000.0,0.0,0.0,14.4,14.5,13.3,24290.0
2013-08-21,7.587,14.4,3.5971,14.0,64150.0,898368000.0,0.0,0.0,14.1,14.4,13.9,64150.0
2013-08-22,7.379,14.0,-2.7778,13.83,11510.0,159143000.0,0.0,0.0,13.8,14.1,13.7,11510.0
2013-08-23,7.43,14.1,0.7143,14.02,17770.0,249204000.0,0.0,0.0,14.2,14.3,13.8,17770.0
2013-08-26,7.43,14.1,0.0,14.04,11130.0,156317000.0,0.0,0.0,14.0,14.5,14.0,11130.0
2013-08-27,7.375,14.0,-0.7092,13.93,19220.0,267778000.0,0.0,0.0,14.5,14.5,13.9,19220.0
2013-08-28,7.06,13.4,-4.2857,14.0,63460.0,888132000.0,0.0,0.0,14.0,14.1,13.4,63460.0
2013-08-29,7.534,14.3,6.7164,14.05,38310.0,538158000.0,0.0,0.0,13.3,14.3,13.0,38310.0
2013-08-30,7.534,14.3,0.0,14.23,8550.0,121659000.0,0.0,0.0,13.7,14.3,13.7,8550.0
2013-09-03,7.587,14.4,0.6993,14.06,4000.0,56224000.0,0.0,0.0,14.0,14.5,14.0,4000.0
2013-09-04,7.587,14.4,0.0,14.04,4850.0,68070000.0,0.0,0.0,14.2,14.6,14.0,4850.0
2013-09-05,7.534,14.3,-0.6944,14.32,60.0,859000.0,0.0,0.0,14.4,14.4,14.3,60.0
2013-09-06,7.587,14.4,0.6993,14.31,810.0,11589000.0,0.0,0.0,14.3,14.4,14.3,810.0
2013-09-09,7.375,14.0,-2.7778,14.04,18020.0,253047000.0,0.0,0.0,14.5,14.5,14.0,18020.0
2013-09-10,7.375,14.0,0.0,13.77,5400.0,74354000.0,0.0,0.0,14.5,14.5,13.5,5400.0
2013-09-11,7.481,14.2,1.4286,14.07,3830.0,53882000.0,0.0,0.0,14.4,14.4,13.8,3830.0
2013-09-12,7.375,14.0,-1.4085,14.0,7010.0,98143000.0,0.0,0.0,14.3,14.3,14.0,7010.0
2013-09-13,7.43,14.1,0.7143,14.02,6510.0,91293000.0,0.0,0.0,14.1,14.3,14.0,6510.0
2013-09-16,7.534,14.3,1.4184,14.04,4110.0,57724000.0,0.0,0.0,14.4,14.4,14.0,4110.0
2013-09-17,7.534,14.3,0.0,14.3,5250.0,75076000.0,0.0,0.0,14.4,14.4,14.3,5250.0
2013-09-18,7.534,14.3,0.0,14.3,6100.0,87230000.0,0.0,0.0,14.3,14.3,14.3,6100.0
2013-09-19,7.587,14.4,0.6993,14.3,7050.0,100849000.0,0.0,0.0,14.4,14.4,14.3,7050.0
2013-09-20,7.533,14.3,-0.6944,14.2,780.0,11077000.0,0.0,0.0,14.2,14.3,14.1,780.0
2013-09-23,7.43,14.1,-1.3986,14.06,4900.0,68879000.0,0.0,0.0,14.0,14.2,14.0,4900.0
2013-09-24,7.534,14.3,1.4184,14.19,9470.0,134376000.0,0.0,0.0,14.1,14.3,14.1,9470.0
2013-09-25,7.534,14.3,0.0,14.32,22820.0,326780000.0,0.0,0.0,14.3,14.7,14.3,22820.0
2013-09-26,7.587,14.4,0.6993,14.26,6530.0,93107000.0,0.0,0.0,14.5,14.5,14.1,6530.0
2013-09-27,7.587,14.4,0.0,14.2,12740.0,180920000.0,0.0,0.0,14.2,14.4,14.2,12740.0
2013-09-30,7.797,14.8,2.7778,14.55,15940.0,231976000.0,0.0,0.0,14.4,14.8,14.3,15940.0
2013-10-01,7.954,15.1,2.027,15.03,21090.0,316951000.0,0.0,0.0,15.1,15.1,15.0,21090.0
2013-10-02,8.428,16.0,6.6667,15.92,120320.0,1915479000.0,0.0,0.0,15.3,16.0,15.3,120320.0
2013-10-03,8.323,15.8,-1.25,16.17,13280.0,214699000.0,0.0,0.0,16.8,16.8,15.3,13280.0
2013-10-04,8.639,16.4,3.7975,15.92,4970.0,79145000.0,0.0,0.0,15.5,16.6,15.5,4970.0
2013-10-07,8.218,15.6,-4.878,15.85,10070.0,159588000.0,0.0,0.0,16.4,16.4,15.6,10070.0
2013-10-08,8.323,15.8,1.2821,15.5,27740.0,430076000.0,149500.0,2242500000.0,15.5,15.8,14.8,177240.0
2013-10-09,8.428,16.0,1.2658,15.94,14930.0,237930000.0,0.0,0.0,15.8,16.5,15.6,14930.0
2013-10-10,8.428,16.0,0.0,15.93,5720.0,91114000.0,0.0,0.0,15.8,16.0,15.8,5720.0
2013-10-11,8.323,15.8,-1.25,15.98,8470.0,135390000.0,0.0,0.0,15.7,16.4,15.7,8470.0
2013-10-14,8.437,15.0,-5.0633,15.07,710.0,10699000.0,0.0,0.0,15.5,15.8,14.8,710.0
2013-10-15,8.323,14.8,-1.3333,14.77,11520.0,170198000.0,0.0,0.0,14.8,15.0,14.7,11520.0
2013-10-16,8.437,15.0,1.3514,14.61,1230.0,17968000.0,0.0,0.0,15.2,15.2,14.6,1230.0
2013-10-17,8.21,14.6,-2.6667,14.63,2440.0,35692000.0,0.0,0.0,15.2,15.2,14.6,2440.0
2013-10-18,8.21,14.6,0.0,14.57,4210.0,61329000.0,0.0,0.0,15.0,15.0,14.5,4210.0
2013-10-21,8.1,14.4,-1.3699,14.51,2440.0,35393000.0,0.0,0.0,14.4,15.0,14.4,2440.0
2013-10-22,8.155,14.5,0.6944,14.314,2710.0,38790000.0,0.0,0.0,14.4,14.7,14.1,2710.0
2013-10-23,8.155,14.5,0.0,14.542,5570.0,81000000.0,0.0,0.0,14.5,14.7,14.1,5570.0
2013-10-24,7.987,14.2,-2.069,14.17,1030.0,14595000.0,0.0,0.0,14.1,14.7,14.1,1030.0
2013-10-25,8.266,14.7,3.5211,14.7,10.0,147000.0,0.0,0.0,14.7,14.7,14.7,10.0
2013-10-28,8.155,14.5,-1.3605,14.66,270.0,3959000.0,0.0,0.0,14.7,14.7,14.5,270.0
2013-10-29,8.21,14.6,0.6897,14.33,90.0,1290000.0,0.0,0.0,14.3,14.6,14.3,90.0
2013-10-30,8.155,14.5,-0.6849,14.49,6110.0,88545000.0,0.0,0.0,14.4,14.5,13.6,6110.0
2013-10-31,7.987,14.2,-2.069,14.43,120.0,1731000.0,0.0,0.0,14.5,14.5,14.2,120.0
2013-11-01,7.93,14.1,-0.7042,14.2,2570.0,36487000.0,0.0,0.0,14.2,14.2,14.1,2570.0
2013-11-04,8.1,14.4,2.1277,14.23,780.0,11096000.0,0.0,0.0,14.1,14.4,14.1,780.0
2013-11-05,8.043,14.3,-0.6944,14.3,3580.0,51189000.0,0.0,0.0,14.2,14.3,14.2,3580.0
2013-11-06,8.155,14.5,1.3986,14.3,2340.0,33457000.0,0.0,0.0,14.2,14.5,14.2,2340.0
2013-11-07,8.043,14.3,-1.3793,14.48,4740.0,68633000.0,0.0,0.0,14.5,14.6,14.3,4740.0
2013-11-08,8.1,14.4,0.6993,14.44,9870.0,142490000.0,0.0,0.0,14.4,14.5,14.3,9870.0
2013-11-11,8.323,14.8,2.7778,14.54,6840.0,99471000.0,0.0,0.0,14.6,14.8,14.4,6840.0
2013-11-12,8.323,14.8,0.0,15.22,46790.0,711994000.0,0.0,0.0,15.1,15.6,14.8,46790.0
2013-11-13,8.437,15.0,1.3514,14.9,6570.0,97869000.0,0.0,0.0,15.0,15.0,14.7,6570.0
2013-11-14,8.323,14.8,-1.3333,15.02,1500.0,22536000.0,0.0,0.0,15.5,15.5,14.8,1500.0
2013-11-15,8.266,14.7,-0.6757,14.8,8620.0,127557000.0,0.0,0.0,14.8,15.1,14.7,8620.0
2013-11-18,8.606,15.3,4.0816,15.306,3920.0,60000000.0,0.0,0.0,14.5,15.6,14.5,3920.0
2013-11-19,8.606,15.3,0.0,15.17,17470.0,264980000.0,0.0,0.0,15.6,15.6,15.0,17470.0
2013-11-20,8.491,15.1,-1.3072,15.23,9840.0,149887000.0,0.0,0.0,15.4,15.4,15.1,9840.0
2013-11-21,8.437,15.0,-0.6623,15.02,3940.0,59197000.0,0.0,0.0,15.6,15.6,15.0,3940.0
2013-11-22,8.548,15.2,1.3333,15.08,14590.0,220070000.0,0.0,0.0,15.4,15.5,15.0,14590.0
2013-11-25,8.661,15.4,1.3158,15.06,5680.0,85550000.0,0.0,0.0,15.6,15.6,15.0,5680.0
2013-11-26,8.774,15.6,1.2987,15.33,2750.0,42150000.0,0.0,0.0,15.2,15.6,15.1,2750.0
2013-11-27,8.606,15.3,-1.9231,15.12,15590.0,235779000.0,0.0,0.0,15.6,15.6,15.0,15590.0
2013-11-28,8.661,15.4,0.6536,14.99,4580.0,68677000.0,0.0,0.0,15.4,15.4,14.9,4580.0
2013-11-29,8.718,15.5,0.6494,15.01,5670.0,85131000.0,0.0,0.0,15.1,15.5,15.0,5670.0
2013-12-02,8.491,15.1,-2.5806,15.05,5640.0,84871000.0,0.0,0.0,14.8,15.5,14.8,5640.0
2013-12-03,8.606,15.3,1.3245,15.08,7940.0,119714000.0,0.0,0.0,15.2,15.4,15.0,7940.0
2013-12-04,8.661,15.4,0.6536,15.13,9150.0,138425000.0,0.0,0.0,15.1,15.4,15.0,9150.0
2013-12-05,8.491,15.1,-1.9481,15.06,13060.0,196746000.0,0.0,0.0,15.4,15.4,14.9,13060.0
2013-12-06,8.491,15.1,0.0,14.93,2220.0,33146000.0,0.0,0.0,14.9,15.1,14.9,2220.0
2013-12-09,8.491,15.1,0.0,15.1,9100.0,137410000.0,0.0,0.0,15.1,15.1,15.1,9100.0
2013-12-10,8.491,15.1,0.0,15.08,2780.0,41920000.0,0.0,0.0,15.1,15.1,14.9,2780.0
2013-12-11,8.437,15.0,-0.6623,14.63,1120.0,16383000.0,0.0,0.0,14.8,15.0,14.6,1120.0
2013-12-12,8.437,15.0,0.0,14.99,220.0,3297000.0,0.0,0.0,15.0,15.0,14.7,220.0
2013-12-13,8.323,14.8,-1.3333,14.8,1100.0,16280000.0,0.0,0.0,14.8,14.8,14.8,1100.0
2013-12-16,8.381,14.9,0.6757,14.88,160.0,2380000.0,0.0,0.0,14.5,14.9,14.5,160.0
2013-12-17,8.381,14.9,0.0,0.0,0.0,0.0,0.0,0.0,14.9,14.9,14.9,0.0
2013-12-18,8.323,14.8,-0.6711,14.7,3820.0,56160000.0,0.0,0.0,14.8,14.8,14.7,3820.0
2013-12-19,8.21,14.6,-1.3514,14.64,950.0,13911000.0,0.0,0.0,14.8,14.8,14.6,950.0
2013-12-20,8.155,14.5,-0.6849,14.41,3340.0,48144000.0,0.0,0.0,14.5,14.6,14.0,3340.0
2013-12-23,8.323,14.8,2.069,14.77,30.0,443000.0,0.0,0.0,14.8,14.8,14.7,30.0
2013-12-24,8.491,15.1,2.027,15.1,150.0,2265000.0,0.0,0.0,15.1,15.1,15.1,150.0
2013-12-25,8.155,14.5,-3.9735,14.5,5010.0,72650000.0,0.0,0.0,15.0,15.0,14.5,5010.0
2013-12-26,8.155,14.5,0.0,14.7,20.0,294000.0,0.0,0.0,14.9,14.9,14.5,20.0
2013-12-27,8.381,14.9,2.7586,14.51,720.0,10448000.0,0.0,0.0,14.9,14.9,14.5,720.0
2013-12-30,8.21,14.6,-2.0134,14.63,9610.0,140616000.0,0.0,0.0,14.7,14.7,14.6,9610.0
2013-12-31,8.1,14.4,0.0,14.54,80.0,1163000.0,0.0,0.0,14.2,14.7,14.2,80.0
2014-01-02,8.323,14.8,2.7778,14.55,4850.0,70573000.0,0.0,0.0,14.9,15.0,14.1,4850.0
2014-01-03,8.21,14.6,-1.3514,14.51,5820.0,84426000.0,0.0,0.0,15.0,15.0,14.5,5820.0
2014-01-06,8.21,14.6,0.0,14.27,30.0,428000.0,0.0,0.0,14.1,14.6,14.1,30.0
2014-01-07,8.323,14.8,1.3699,14.49,7890.0,114348000.0,0.0,0.0,14.5,14.8,14.3,7890.0
2014-01-08,8.155,14.5,-2.027,14.5,2800.0,40600000.0,0.0,0.0,14.5,14.5,14.5,2800.0
2014-01-09,8.21,14.6,0.6897,14.61,270.0,3944000.0,0.0,0.0,14.8,14.8,14.6,270.0
2014-01-10,8.266,14.7,0.6849,14.56,13600.0,198042000.0,0.0,0.0,14.7,14.7,14.5,13600.0
2014-01-13,8.266,14.7,0.0,14.7,2000.0,29400000.0,0.0,0.0,14.7,14.7,14.7,2000.0
2014-01-14,8.266,14.7,0.0,14.58,22560.0,328985000.0,0.0,0.0,15.0,15.0,14.5,22560.0
2014-01-15,8.437,15.0,2.0408,14.58,28240.0,411809000.0,0.0,0.0,14.6,15.0,14.5,28240.0
2014-01-16,8.21,14.6,-2.6667,14.7,30.0,441000.0,0.0,0.0,14.6,14.9,14.6,30.0
2014-01-17,8.381,14.9,2.0548,14.91,8690.0,129562000.0,0.0,0.0,14.6,15.0,14.6,8690.0
2014-01-20,8.437,15.0,0.6711,14.9,10630.0,158400000.0,0.0,0.0,15.0,15.3,14.7,10630.0
2014-01-21,8.21,14.6,-2.6667,14.69,16370.0,240550000.0,0.0,0.0,15.0,15.0,14.5,16370.0
2014-01-22,8.323,14.8,1.3699,14.73,11930.0,175706000.0,0.0,0.0,14.9,15.0,14.6,11930.0
2014-01-23,8.21,14.6,-1.3514,14.63,7500.0,109707000.0,0.0,0.0,14.7,14.8,14.6,7500.0
2014-01-24,8.266,14.7,0.6849,14.7,1240.0,18232000.0,0.0,0.0,14.9,14.9,14.7,1240.0
2014-01-27,8.491,15.1,0.0,15.01,360.0,5405000.0,0.0,0.0,15.0,15.1,15.0,360.0
2014-02-06,8.266,14.7,-2.649,14.75,1150.0,16965000.0,0.0,0.0,15.1,15.1,14.7,1150.0
2014-02-07,8.266,14.7,0.0,14.82,4020.0,59577000.0,0.0,0.0,14.9,14.9,14.7,4020.0
2014-02-10,8.266,14.7,0.0,14.7,710.0,10437000.0,0.0,0.0,14.7,14.7,14.7,710.0
2014-02-11,8.491,15.1,2.7211,14.94,9560.0,142817000.0,0.0,0.0,14.8,15.1,14.8,9560.0
2014-02-12,8.437,15.0,-0.6623,15.03,3660.0,54995000.0,0.0,0.0,15.2,15.2,15.0,3660.0
2014-02-13,8.606,15.3,2.0,15.2,6200.0,94247000.0,0.0,0.0,15.4,15.4,15.2,6200.0
2014-02-14,8.83,15.7,2.6144,15.4,6810.0,104904000.0,0.0,0.0,15.8,15.9,15.3,6810.0
2014-02-17,8.718,15.5,-1.2739,15.45,29850.0,461037000.0,0.0,0.0,15.1,15.5,15.1,29850.0
2014-02-18,8.661,15.4,-0.6452,15.33,9540.0,146224000.0,0.0,0.0,15.5,16.0,15.2,9540.0
2014-02-19,8.943,15.9,3.2468,15.49,83880.0,1299466000.0,0.0,0.0,15.4,15.9,15.4,83880.0
2014-02-20,8.661,15.4,-3.1447,15.69,26530.0,416151000.0,0.0,0.0,15.8,16.3,15.4,26530.0
2014-02-21,8.718,15.5,0.6494,15.41,15360.0,236760000.0,0.0,0.0,15.4,15.5,15.4,15360.0
2014-02-24,8.718,15.5,0.0,15.5,34940.0,541500000.0,0.0,0.0,16.5,16.5,15.3,34940.0
2014-02-25,8.661,15.4,-0.6452,15.41,40720.0,627610000.0,0.0,0.0,15.4,15.5,15.3,40720.0
2014-02-26,8.661,15.4,0.0,15.37,31030.0,476871000.0,0.0,0.0,16.1,16.1,15.3,31030.0
2014-02-27,8.661,15.4,0.0,15.62,10060.0,157133000.0,0.0,0.0,15.9,15.9,15.4,10060.0
2014-02-28,8.718,15.5,0.6494,15.46,7940.0,122766000.0,0.0,0.0,15.5,15.8,15.4,7940.0
2014-03-03,8.774,15.6,0.6452,15.59,26240.0,408955000.0,0.0,0.0,15.6,16.0,15.5,26240.0
2014-03-04,8.997,16.0,2.5641,15.64,31980.0,500203000.0,0.0,0.0,15.7,16.0,15.6,31980.0
2014-03-05,9.224,16.4,2.5,16.06,26590.0,427141000.0,0.0,0.0,16.0,16.8,16.0,26590.0
2014-03-06,9.224,16.4,0.0,16.33,37280.0,608653000.0,0.0,0.0,16.4,16.4,16.1,37280.0
2014-03-07,9.28,16.5,0.6098,16.54,46480.0,768560000.0,0.0,0.0,16.3,17.0,16.3,46480.0
2014-03-10,9.28,16.5,0.0,16.51,20200.0,333563000.0,0.0,0.0,16.7,16.7,16.4,20200.0
2014-03-11,9.224,16.4,-0.6061,16.46,25180.0,414337000.0,0.0,0.0,16.5,16.5,16.4,25180.0
2014-03-12,9.166,16.3,-0.6098,16.4,67090.0,1100113000.0,0.0,0.0,16.4,16.5,16.3,67090.0
2014-03-13,9.288,15.5,-4.908,15.46,44810.0,692725000.0,0.0,0.0,15.8,15.8,15.0,44810.0
2014-03-14,9.048,15.1,-2.5806,15.46,8380.0,129522000.0,0.0,0.0,15.0,15.6,15.0,8380.0
2014-03-17,9.288,15.5,2.649,15.44,1020.0,15751000.0,0.0,0.0,16.0,16.0,15.1,1020.0
2014-03-18,9.288,15.5,0.0,15.2,17140.0,260482000.0,0.0,0.0,15.2,15.6,15.1,17140.0
2014-03-19,9.166,15.3,-1.2903,15.16,10700.0,162217000.0,0.0,0.0,15.5,15.5,15.0,10700.0
2014-03-20,9.226,15.4,0.6536,15.0,6210.0,93154000.0,0.0,0.0,15.0,15.4,15.0,6210.0
2014-03-21,8.989,15.0,-2.5974,15.038,3990.0,60000000.0,0.0,0.0,15.2,15.4,15.0,3990.0
2014-03-24,9.108,15.2,1.3333,15.15,10550.0,159865000.0,0.0,0.0,15.2,15.2,15.1,10550.0
2014-03-25,9.108,15.2,0.0,15.06,17480.0,263192000.0,0.0,0.0,15.2,15.2,15.0,17480.0
2014-03-26,8.928,14.9,-1.9737,14.85,9030.0,134101000.0,0.0,0.0,14.8,15.0,14.8,9030.0
2014-03-27,8.867,14.8,-0.6711,14.6,5780.0,84375000.0,0.0,0.0,14.9,14.9,14.5,5780.0
2014-03-28,8.807,14.7,-0.6757,14.32,30140.0,431598000.0,0.0,0.0,14.3,14.9,14.3,30140.0
2014-03-31,8.807,14.7,0.0,14.5,1400.0,20302000.0,0.0,0.0,14.5,14.7,14.5,1400.0
2014-04-01,8.57,14.3,-2.7211,14.08,4800.0,67588000.0,0.0,0.0,14.0,14.3,14.0,4800.0
2014-04-02,8.388,14.0,-2.0979,14.01,27260.0,381959000.0,0.0,0.0,14.1,14.3,14.0,27260.0
2014-04-03,8.388,14.0,0.0,14.0,2800.0,39205000.0,0.0,0.0,14.5,14.5,14.0,2800.0
2014-04-04,8.447,14.1,0.7143,14.06,590.0,8296000.0,0.0,0.0,13.8,14.5,13.8,590.0
2014-04-07,8.807,14.7,4.2553,14.66,1890.0,27702000.0,0.0,0.0,14.5,15.0,14.3,1890.0
2014-04-08,8.989,15.0,0.0,15.14,1480.0,22411000.0,0.0,0.0,15.5,15.7,15.0,1480.0
2014-04-10,8.867,14.8,-1.3333,14.08,2240.0,31547000.0,0.0,0.0,15.4,15.5,14.0,2240.0
2014-04-11,8.807,14.7,-0.6757,13.97,5240.0,73219000.0,0.0,0.0,14.1,14.7,13.9,5240.0
2014-04-14,8.688,14.5,-1.3605,14.5,30.0,435000.0,0.0,0.0,14.5,14.5,14.5,30.0
2014-04-15,8.329,13.9,-4.1379,13.97,9570.0,133738000.0,0.0,0.0,14.1,14.4,13.9,9570.0
2014-04-16,8.508,14.2,2.1583,13.93,2600.0,36224000.0,0.0,0.0,14.0,14.2,13.7,2600.0
2014-04-17,8.928,14.9,4.9296,13.98,120.0,1678000.0,0.0,0.0,14.9,14.9,13.8,120.0
2014-04-18,8.867,14.8,-0.6711,13.98,3710.0,51849000.0,0.0,0.0,14.0,14.8,13.9,3710.0
2014-04-21,8.329,13.9,-6.0811,14.25,3390.0,48321000.0,0.0,0.0,14.3,14.7,13.8,3390.0
2014-04-22,8.508,14.2,2.1583,13.71,1020.0,13985000.0,0.0,0.0,14.3,14.3,13.7,1020.0
2014-04-23,8.329,13.9,-2.1127,13.9,2400.0,33361000.0,0.0,0.0,14.0,14.0,13.9,2400.0
2014-04-24,8.09,13.5,-2.8777,13.56,4360.0,59102000.0,0.0,0.0,13.7,14.2,13.5,4360.0
2014-04-25,8.388,14.0,3.7037,14.0,10.0,140000.0,0.0,0.0,14.0,14.0,14.0,10.0
2014-04-28,8.268,13.8,-1.4286,13.43,5100.0,68509000.0,0.0,0.0,13.5,13.8,13.1,5100.0
2014-04-29,8.268,13.8,0.0,13.11,1870.0,24524000.0,0.0,0.0,13.1,13.8,13.1,1870.0
2014-05-05,8.268,13.8,0.0,13.13,8170.0,107256000.0,0.0,0.0,13.3,13.8,13.0,8170.0
2014-05-06,8.268,13.8,0.0,13.11,7030.0,92134000.0,0.0,0.0,14.0,14.6,13.0,7030.0
2014-05-07,7.788,13.0,-5.7971,13.0,6020.0,78278000.0,0.0,0.0,14.0,14.0,13.0,6020.0
2014-05-08,7.308,12.2,-6.1538,12.57,5130.0,64508000.0,0.0,0.0,13.4,13.4,12.2,5130.0
2014-05-09,7.729,12.9,5.7377,12.86,2140.0,27514000.0,0.0,0.0,12.5,12.9,12.5,2140.0
2014-05-12,7.729,12.9,0.0,12.33,16150.0,199082000.0,0.0,0.0,12.8,12.9,12.3,16150.0
2014-05-13,7.306,12.2,-5.4264,12.2,10500.0,128130000.0,0.0,0.0,12.2,12.3,12.2,10500.0
2014-05-14,7.669,12.8,4.918,12.8,670.0,8576000.0,0.0,0.0,12.8,12.8,12.8,670.0
2014-05-15,7.788,13.0,1.5625,12.14,420.0,5100000.0,0.0,0.0,13.0,13.0,12.1,420.0
2014-05-16,7.788,13.0,0.0,12.65,2010.0,25430000.0,0.0,0.0,12.7,13.0,12.6,2010.0
2014-05-19,7.609,12.7,-2.3077,12.73,3100.0,39470000.0,0.0,0.0,12.8,12.8,12.7,3100.0
2014-05-20,7.788,13.0,2.3622,13.0,10.0,130000.0,0.0,0.0,13.0,13.0,13.0,10.0
2014-05-21,7.489,12.5,-3.8462,12.52,6000.0,75100000.0,0.0,0.0,12.6,12.6,12.5,6000.0
2014-05-22,7.43,12.4,-0.8,12.44,5160.0,64207000.0,0.0,0.0,12.5,12.7,12.4,5160.0
2014-05-23,7.252,12.1,-2.4194,12.03,1650.0,19850000.0,0.0,0.0,12.0,12.1,12.0,1650.0
2014-05-26,7.252,12.1,0.0,12.1,1020.0,12342000.0,0.0,0.0,12.1,12.1,12.1,1020.0
2014-05-27,7.308,12.2,0.8264,12.2,3200.0,39040000.0,0.0,0.0,12.2,12.2,12.2,3200.0
2014-05-28,7.43,12.4,1.6393,12.45,4820.0,60028000.0,0.0,0.0,12.4,12.5,12.4,4820.0
2014-05-29,7.43,12.4,0.0,12.4,10.0,124000.0,0.0,0.0,12.4,12.4,12.4,10.0
2014-05-30,7.489,12.5,0.8065,12.5,10.0,125000.0,0.0,0.0,12.5,12.5,12.5,10.0
2014-06-02,7.489,12.5,0.0,12.51,200.0,2501000.0,0.0,0.0,12.5,12.6,12.5,200.0
2014-06-03,7.43,12.4,-0.8,12.4,100.0,1240000.0,0.0,0.0,12.4,12.4,12.4,100.0
2014-06-04,7.489,12.5,0.8065,11.99,14600.0,175011000.0,0.0,0.0,12.0,12.5,11.9,14600.0
2014-06-05,7.43,12.4,-0.8,12.02,210.0,2524000.0,0.0,0.0,12.0,12.4,12.0,210.0
2014-06-06,7.369,12.3,-0.8065,12.3,910.0,11195000.0,0.0,0.0,12.5,12.5,12.3,910.0
2014-06-09,7.489,12.5,1.626,12.34,50.0,617000.0,0.0,0.0,12.3,12.5,12.3,50.0
2014-06-10,7.489,12.5,0.0,0.0,0.0,0.0,0.0,0.0,12.5,12.5,12.5,0.0
2014-06-11,7.489,12.5,0.0,12.5,500.0,6250000.0,0.0,0.0,12.5,12.5,12.5,500.0
2014-06-12,7.55,12.6,0.8,12.54,4960.0,62182000.0,0.0,0.0,12.5,13.0,12.5,4960.0
2014-06-13,7.729,12.9,2.381,12.61,1020.0,12858000.0,0.0,0.0,12.9,12.9,12.6,1020.0
2014-06-16,7.55,12.6,-2.3256,12.61,4110.0,51825000.0,0.0,0.0,13.5,13.5,12.6,4110.0
2014-06-17,7.609,12.7,0.7937,12.6,2970.0,37426000.0,0.0,0.0,12.6,12.9,12.6,2970.0
2014-06-18,7.609,12.7,0.0,12.7,3120.0,39624000.0,0.0,0.0,12.7,12.7,12.7,3120.0
2014-06-19,7.729,12.9,1.5748,12.7,4550.0,57789000.0,0.0,0.0,12.7,12.9,12.7,4550.0
2014-06-20,7.729,12.9,0.0,12.88,3870.0,49839000.0,0.0,0.0,13.0,13.0,12.8,3870.0
2014-06-23,7.729,12.9,0.0,12.87,2830.0,36408000.0,0.0,0.0,13.1,13.1,12.8,2830.0
2014-06-24,7.729,12.9,0.0,12.8,1010.0,12932000.0,0.0,0.0,13.1,13.1,12.8,1010.0
2014-06-25,7.729,12.9,0.0,12.9,0.0,0.0,0.0,0.0,12.9,12.9,12.9,0.0
2014-06-26,7.788,13.0,0.7752,13.0,1530.0,19890000.0,0.0,0.0,13.1,13.1,12.9,1530.0
2014-06-27,7.908,13.2,1.5385,13.12,3180.0,41734000.0,0.0,0.0,13.0,13.2,13.0,3180.0
2014-06-30,8.388,14.0,6.0606,13.35,540.0,7210000.0,0.0,0.0,14.1,14.1,13.3,540.0
2014-07-01,8.09,13.5,-3.5714,13.78,230.0,3170000.0,0.0,0.0,14.0,14.0,13.5,230.0
2014-07-02,8.09,13.5,0.0,0.0,0.0,0.0,0.0,0.0,13.5,13.5,13.5,0.0
2014-07-03,8.149,13.6,0.7407,13.2,30.0,396000.0,0.0,0.0,13.0,13.6,13.0,30.0
2014-07-04,8.149,13.6,0.0,0.0,0.0,0.0,0.0,0.0,13.6,13.6,13.6,0.0
2014-07-07,8.268,13.8,1.4706,13.5,1010.0,13638000.0,0.0,0.0,13.5,13.8,13.5,1010.0
2014-07-08,8.268,13.8,0.0,13.5,810.0,10938000.0,0.0,0.0,13.5,13.8,13.5,810.0
2014-07-09,8.208,13.7,-0.7246,13.71,4830.0,66208000.0,0.0,0.0,13.9,13.9,13.0,4830.0
2014-07-10,8.388,14.0,2.1898,13.6,5030.0,68420000.0,0.0,0.0,14.0,14.0,13.6,5030.0
2014-07-11,8.388,14.0,0.0,13.889,2520.0,35000000.0,0.0,0.0,13.9,14.0,13.9,2520.0
2014-07-14,8.388,14.0,0.0,14.0,10.0,140000.0,0.0,0.0,14.0,14.0,14.0,10.0
2014-07-15,8.329,13.9,-0.7143,13.86,8170.0,113266000.0,0.0,0.0,14.0,14.0,13.8,8170.0
2014-07-16,8.388,14.0,0.7194,13.94,6450.0,89890000.0,0.0,0.0,14.0,14.8,13.9,6450.0
2014-07-17,8.329,13.9,-0.7143,13.35,4010.0,53539000.0,0.0,0.0,13.2,13.9,13.2,4010.0
2014-07-18,8.329,13.9,0.0,13.8,5120.0,70661000.0,0.0,0.0,14.0,14.0,13.8,5120.0
2014-07-21,8.329,13.9,0.0,13.9,2500.0,34750000.0,0.0,0.0,13.9,13.9,13.9,2500.0
2014-07-22,8.268,13.8,-0.7194,13.85,1900.0,26310000.0,0.0,0.0,13.9,13.9,13.8,1900.0
2014-07-23,8.268,13.8,0.0,13.26,1420.0,18833000.0,0.0,0.0,13.1,13.8,13.1,1420.0
2014-07-24,8.268,13.8,0.0,13.8,8800.0,121440000.0,0.0,0.0,13.8,13.8,13.8,8800.0
2014-07-25,8.268,13.8,0.0,13.8,5000.0,69000000.0,0.0,0.0,13.8,13.8,13.8,5000.0
2014-07-28,8.149,13.6,-1.4493,13.6,500.0,6800000.0,0.0,0.0,13.6,13.6,13.6,500.0
2014-07-29,8.149,13.6,0.0,0.0,0.0,0.0,0.0,0.0,13.6,13.6,13.6,0.0
2014-07-30,8.09,13.5,-0.7353,13.5,2410.0,32535000.0,0.0,0.0,13.5,13.5,13.5,2410.0
2014-07-31,8.388,14.0,3.7037,13.5,5820.0,78580000.0,0.0,0.0,13.5,14.0,13.5,5820.0
2014-08-01,8.268,13.8,-1.4286,13.8,5020.0,69276000.0,0.0,0.0,13.8,13.8,13.8,5020.0
2014-08-04,8.268,13.8,0.0,13.8,3050.0,42090000.0,0.0,0.0,13.8,13.8,13.8,3050.0
2014-08-05,8.268,13.8,0.0,13.8,100.0,1380000.0,0.0,0.0,13.8,13.8,13.8,100.0
2014-08-06,8.268,13.8,0.0,0.0,0.0,0.0,0.0,0.0,13.8,13.8,13.8,0.0
2014-08-07,8.388,14.0,1.4493,13.62,3150.0,42915000.0,0.0,0.0,13.0,14.0,13.0,3150.0
2014-08-08,8.388,14.0,0.0,13.99,5860.0,81954000.0,0.0,0.0,13.9,14.0,13.9,5860.0
2014-08-11,8.329,13.9,-0.7143,13.9,4500.0,62550000.0,0.0,0.0,13.9,13.9,13.9,4500.0
2014-08-12,8.388,14.0,0.7194,13.86,880.0,12196000.0,0.0,0.0,13.8,14.0,13.8,880.0
2014-08-13,8.388,14.0,0.0,13.96,5770.0,80544000.0,0.0,0.0,14.0,14.0,13.8,5770.0
2014-08-14,8.268,13.8,-1.4286,13.8,2240.0,30912000.0,0.0,0.0,13.8,13.8,13.8,2240.0
2014-08-15,8.329,13.9,0.7246,13.9,4060.0,56422000.0,0.0,0.0,14.0,14.0,13.8,4060.0
2014-08-18,8.329,13.9,0.0,13.86,5000.0,69300000.0,0.0,0.0,13.9,13.9,13.8,5000.0
2014-08-19,8.329,13.9,0.0,13.9,2000.0,27800000.0,0.0,0.0,13.9,13.9,13.9,2000.0
2014-08-20,8.329,13.9,0.0,13.9,7150.0,99385000.0,0.0,0.0,13.9,13.9,13.9,7150.0
2014-08-21,8.329,13.9,0.0,13.9,7650.0,106335000.0,0.0,0.0,13.9,13.9,13.9,7650.0
2014-08-22,8.329,13.9,0.0,13.9,3100.0,43090000.0,0.0,0.0,13.9,13.9,13.9,3100.0
2014-08-25,8.329,13.9,0.0,13.88,1400.0,19430000.0,0.0,0.0,13.9,13.9,13.8,1400.0
2014-08-26,8.329,13.9,0.0,13.9,3620.0,50306000.0,0.0,0.0,13.8,13.9,13.8,3620.0
2014-08-27,8.268,13.8,-0.7194,13.85,4010.0,55540000.0,0.0,0.0,13.9,14.0,13.8,4010.0
2014-08-28,8.268,13.8,0.0,13.8,5290.0,73141000.0,0.0,0.0,13.8,13.8,13.8,5290.0
2014-08-29,8.329,13.9,0.0,13.01,8060.0,104840000.0,0.0,0.0,13.0,13.9,13.0,8060.0
2014-09-03,8.329,13.9,0.0,13.82,9510.0,131389000.0,0.0,0.0,13.9,13.9,13.8,9510.0
2014-09-04,8.388,14.0,0.7194,13.9,710.0,9870000.0,0.0,0.0,13.9,14.0,13.9,710.0
2014-09-05,8.268,13.8,-1.4286,13.89,11510.0,159918000.0,0.0,0.0,13.8,14.0,13.8,11510.0
2014-09-08,8.268,13.8,0.0,13.8,6090.0,84042000.0,0.0,0.0,13.8,13.8,13.8,6090.0
2014-09-09,8.208,13.7,-0.7246,13.7,3100.0,42481000.0,0.0,0.0,13.8,13.8,13.7,3100.0
2014-09-10,8.208,13.7,0.0,13.7,400.0,5480000.0,0.0,0.0,13.7,13.7,13.7,400.0
2014-09-11,8.208,13.7,0.0,0.0,0.0,0.0,0.0,0.0,13.7,13.7,13.7,0.0
2014-09-12,8.329,13.9,1.4599,13.8,600.0,8280000.0,0.0,0.0,13.7,13.9,13.7,600.0
2014-09-15,8.388,14.0,0.7194,13.91,1900.0,26430000.0,0.0,0.0,13.9,14.0,13.9,1900.0
2014-09-16,8.388,14.0,0.0,13.99,8560.0,119789000.0,0.0,0.0,13.9,14.0,13.9,8560.0
2014-09-17,8.149,13.6,-2.8571,13.6,10.0,136000.0,0.0,0.0,13.6,13.6,13.6,10.0
2014-09-18,7.788,13.0,-4.4118,13.88,11360.0,157680000.0,0.0,0.0,14.0,14.0,13.0,11360.0
2014-09-19,8.268,13.8,6.1538,13.81,110.0,1519000.0,0.0,0.0,13.9,13.9,13.8,110.0
2014-09-22,7.848,13.1,-5.0725,13.4,1350.0,18085000.0,0.0,0.0,13.5,13.5,13.1,1350.0
2014-09-23,7.848,13.1,0.0,0.0,0.0,0.0,0.0,0.0,13.1,13.1,13.1,0.0
2014-09-24,7.908,13.2,0.7634,13.2,5000.0,66000000.0,0.0,0.0,13.2,13.2,13.2,5000.0
2014-09-25,7.908,13.2,0.0,13.2,100.0,1320000.0,0.0,0.0,13.2,13.2,13.2,100.0
2014-09-26,7.908,13.2,0.0,13.26,1000.0,13260000.0,0.0,0.0,13.3,13.3,13.2,1000.0
2014-09-29,7.969,13.3,0.7576,13.3,10.0,133000.0,0.0,0.0,13.3,13.3,13.3,10.0
2014-09-30,8.268,13.8,3.7594,13.32,280.0,3729000.0,0.0,0.0,13.3,13.8,13.3,280.0
2014-10-01,8.268,13.8,0.0,13.8,1110.0,15318000.0,0.0,0.0,13.8,13.8,13.8,1110.0
2014-10-02,8.208,13.7,-0.7246,13.7,1000.0,13700000.0,0.0,0.0,13.7,13.7,13.7,1000.0
2014-10-03,7.908,13.2,-3.6496,13.9,20100.0,279320000.0,0.0,0.0,13.9,13.9,13.2,20100.0
2014-10-06,8.09,13.5,2.2727,13.44,3400.0,45710000.0,0.0,0.0,13.4,13.6,13.4,3400.0
2014-10-07,8.09,13.5,0.0,13.5,10.0,135000.0,0.0,0.0,13.5,13.5,13.5,10.0
2014-10-08,8.268,13.8,2.2222,13.8,10.0,138000.0,0.0,0.0,13.8,13.8,13.8,10.0
2014-10-09,8.268,13.8,0.0,13.8,2810.0,38777000.0,0.0,0.0,13.8,13.8,13.7,2810.0
2014-10-10,8.268,13.8,0.0,13.8,2500.0,34500000.0,0.0,0.0,13.8,13.8,13.8,2500.0
2014-10-13,8.268,13.8,0.0,13.8,5000.0,69000000.0,0.0,0.0,13.8,13.8,13.8,5000.0
2014-10-14,8.149,13.6,-1.4493,13.6,10010.0,136136000.0,0.0,0.0,13.6,13.6,13.6,10010.0
2014-10-15,8.149,13.6,0.0,13.6,3500.0,47600000.0,0.0,0.0,13.6,13.6,13.6,3500.0
2014-10-16,8.149,13.6,0.0,13.6,200.0,2720000.0,0.0,0.0,13.6,13.6,13.6,200.0
2014-10-17,8.149,13.6,0.0,0.0,0.0,0.0,0.0,0.0,13.6,13.6,13.6,0.0
2014-10-20,8.149,13.6,0.0,0.0,0.0,0.0,0.0,0.0,13.6,13.6,13.6,0.0
2014-10-21,7.848,13.1,-3.6765,13.66,2510.0,34291000.0,0.0,0.0,13.7,13.7,13.1,2510.0
2014-10-22,7.848,13.1,0.0,0.0,0.0,0.0,0.0,0.0,13.1,13.1,13.1,0.0
2014-10-23,7.848,13.1,0.0,13.1,1500.0,19650000.0,0.0,0.0,13.1,13.1,13.1,1500.0
2014-10-24,7.848,13.1,0.0,0.0,0.0,0.0,0.0,0.0,13.1,13.1,13.1,0.0
2014-10-27,7.848,13.1,0.0,0.0,0.0,0.0,0.0,0.0,13.1,13.1,13.1,0.0
2014-10-28,7.848,13.1,0.0,0.0,0.0,0.0,0.0,0.0,13.1,13.1,13.1,0.0
2014-10-29,8.268,13.8,5.3435,13.09,70.0,916000.0,0.0,0.0,12.8,13.8,12.8,70.0
2014-10-30,8.268,13.8,0.0,13.8,4700.0,64860000.0,0.0,0.0,13.8,13.8,13.8,4700.0
2014-10-31,8.268,13.8,0.0,0.0,0.0,0.0,0.0,0.0,13.8,13.8,13.8,0.0
2014-11-03,8.268,13.8,0.0,0.0,0.0,0.0,0.0,0.0,13.8,13.8,13.8,0.0
2014-11-04,8.268,13.8,0.0,0.0,0.0,0.0,0.0,0.0,13.8,13.8,13.8,0.0
2014-11-05,8.09,13.5,-2.1739,0.0,10.0,135000.0,0.0,0.0,13.5,13.5,13.5,10.0
2014-11-06,8.09,13.5,0.0,0.0,0.0,0.0,0.0,0.0,13.5,13.5,13.5,0.0
2014-11-07,7.908,13.2,-2.2222,13.3,2010.0,26738000.0,0.0,0.0,13.4,13.8,13.2,2010.0
2014-11-10,7.908,13.2,0.0,0.0,0.0,0.0,0.0,0.0,13.2,13.2,13.2,0.0
2014-11-11,8.03,13.4,1.5152,13.4,20.0,268000.0,0.0,0.0,13.4,13.4,13.4,20.0
2014-11-12,7.969,13.3,-0.7463,13.4,4090.0,54805000.0,0.0,0.0,13.4,13.4,13.3,4090.0
2014-11-13,8.03,13.4,0.7519,13.4,120.0,1608000.0,0.0,0.0,13.4,13.4,13.4,120.0
2014-11-14,8.03,13.4,0.0,0.0,0.0,0.0,0.0,0.0,13.4,13.4,13.4,0.0
2014-11-17,7.969,13.3,-0.7463,13.3,930.0,12369000.0,0.0,0.0,13.3,13.3,13.3,930.0
2014-11-18,7.788,13.0,-2.2556,13.0,2790.0,36272000.0,0.0,0.0,13.1,13.1,13.0,2790.0
2014-11-19,7.788,13.0,0.0,0.0,0.0,0.0,0.0,0.0,13.0,13.0,13.0,0.0
2014-11-20,8.268,13.8,6.1538,13.8,10.0,138000.0,0.0,0.0,13.8,13.8,13.8,10.0
2014-11-21,8.03,13.4,-2.8986,13.4,10.0,134000.0,0.0,0.0,13.4,13.4,13.4,10.0
2014-11-24,7.908,13.2,-1.4925,13.2,3050.0,40260000.0,0.0,0.0,13.2,13.2,13.2,3050.0
2014-11-25,7.788,13.0,-1.5152,13.01,1280.0,16658000.0,0.0,0.0,13.0,13.1,13.0,1280.0
2014-11-26,7.489,12.5,-3.8462,12.5,1000.0,12500000.0,0.0,0.0,12.5,12.5,12.5,1000.0
2014-11-27,7.489,12.5,0.0,0.0,0.0,0.0,0.0,0.0,12.5,12.5,12.5,0.0
2014-11-28,7.489,12.5,0.0,0.0,0.0,0.0,0.0,0.0,12.5,12.5,12.5,0.0
2014-12-01,7.489,12.5,0.0,0.0,0.0,0.0,0.0,0.0,12.5,12.5,12.5,0.0
2014-12-02,7.729,12.9,3.2,12.51,510.0,6379000.0,0.0,0.0,12.5,12.9,12.5,510.0
2014-12-03,7.788,13.0,0.7752,12.95,20.0,259000.0,0.0,0.0,12.9,13.0,12.9,20.0
2014-12-04,7.729,12.9,-0.7692,12.9,20.0,258000.0,0.0,0.0,12.9,12.9,12.9,20.0
2014-12-05,7.729,12.9,0.0,0.0,0.0,0.0,0.0,0.0,12.9,12.9,12.9,0.0
2014-12-08,7.729,12.9,0.0,12.9,300.0,3870000.0,0.0,0.0,12.9,12.9,12.9,300.0
2014-12-09,7.729,12.9,0.0,0.0,0.0,0.0,0.0,0.0,12.9,12.9,12.9,0.0
2014-12-10,7.308,12.2,-5.4264,12.2,50.0,610000.0,0.0,0.0,12.2,12.2,12.2,50.0
2014-12-11,7.308,12.2,0.0,12.2,20.0,244000.0,0.0,0.0,12.2,12.2,12.2,20.0
2014-12-12,7.788,13.0,6.5574,13.0,10.0,130000.0,0.0,0.0,13.0,13.0,13.0,10.0
2014-12-15,7.788,13.0,0.0,0.0,0.0,0.0,0.0,0.0,13.0,13.0,13.0,0.0
2014-12-16,8.208,13.7,5.3846,13.7,10.0,137000.0,0.0,0.0,13.7,13.7,13.7,10.0
2014-12-17,8.208,13.7,0.0,0.0,0.0,0.0,0.0,0.0,13.7,13.7,13.7,0.0
2014-12-18,7.729,12.9,-5.8394,12.85,2000.0,25700000.0,0.0,0.0,12.8,12.9,12.8,2000.0
2014-12-19,7.788,13.0,0.7752,13.03,1400.0,18240000.0,0.0,0.0,13.1,13.1,13.0,1400.0
2014-12-22,7.788,13.0,0.0,0.0,0.0,0.0,0.0,0.0,13.0,13.0,13.0,0.0
2014-12-23,7.788,13.0,0.0,0.0,0.0,0.0,0.0,0.0,13.0,13.0,13.0,0.0
2014-12-24,7.788,13.0,0.0,0.0,0.0,0.0,0.0,0.0,13.0,13.0,13.0,0.0
2014-12-25,7.788,13.0,0.0,0.0,0.0,0.0,0.0,0.0,13.0,13.0,13.0,0.0
2014-12-26,7.788,13.0,0.0,0.0,0.0,0.0,0.0,0.0,13.0,13.0,13.0,0.0
2014-12-29,7.788,13.0,0.0,0.0,0.0,0.0,0.0,0.0,13.0,13.0,13.0,0.0
2014-12-30,7.788,13.0,0.0,0.0,0.0,0.0,0.0,0.0,13.0,13.0,13.0,0.0
2014-12-31,7.788,13.0,0.0,0.0,0.0,0.0,0.0,0.0,13.0,13.0,13.0,0.0
2015-01-05,8.03,13.4,3.0769,12.14,770.0,9348000.0,0.0,0.0,12.2,13.4,12.1,770.0
2015-01-06,8.03,13.4,0.0,0.0,0.0,0.0,0.0,0.0,13.4,13.4,13.4,0.0
2015-01-07,8.268,13.8,2.9851,13.8,10.0,138000.0,0.0,0.0,13.8,13.8,13.8,10.0
2015-01-08,8.268,13.8,0.0,0.0,0.0,0.0,0.0,0.0,13.8,13.8,13.8,0.0
2015-01-09,8.03,13.4,-2.8986,12.94,270.0,3493000.0,0.0,0.0,12.9,13.4,12.9,270.0
2015-01-12,8.03,13.4,0.0,0.0,0.0,0.0,0.0,0.0,13.4,13.4,13.4,0.0
2015-01-13,8.03,13.4,0.0,0.0,0.0,0.0,0.0,0.0,13.4,13.4,13.4,0.0
2015-01-14,8.03,13.4,0.0,0.0,0.0,0.0,0.0,0.0,13.4,13.4,13.4,0.0
2015-01-15,8.03,13.4,0.0,13.41,4810.0,64506000.0,0.0,0.0,12.5,13.8,12.5,4810.0
2015-01-16,8.03,13.4,0.0,0.0,0.0,0.0,0.0,0.0,13.4,13.4,13.4,0.0
2015-01-19,8.268,13.8,2.9851,13.8,10.0,138000.0,0.0,0.0,13.8,13.8,13.8,10.0
2015-01-20,8.388,14.0,1.4493,13.76,7170.0,98654000.0,0.0,0.0,13.5,14.0,13.5,7170.0
2015-01-21,8.329,13.9,-0.7143,13.95,2010.0,28040000.0,0.0,0.0,14.0,14.0,13.9,2010.0
2015-01-22,8.329,13.9,0.0,13.9,1600.0,22240000.0,0.0,0.0,13.9,13.9,13.9,1600.0
2015-01-23,8.329,13.9,0.0,13.52,530.0,7168000.0,0.0,0.0,14.0,14.0,13.5,530.0
2015-01-26,8.329,13.9,0.0,13.52,4820.0,65178000.0,0.0,0.0,13.9,13.9,13.5,4820.0
2015-01-27,8.149,13.6,-2.1583,13.49,2990.0,40348000.0,0.0,0.0,13.2,13.6,13.2,2990.0
2015-01-28,8.149,13.6,0.0,13.6,3700.0,50320000.0,0.0,0.0,13.6,13.6,13.6,3700.0
2015-01-29,8.03,13.4,-1.4706,13.4,420.0,5628000.0,0.0,0.0,13.4,13.4,13.4,420.0
2015-01-30,8.329,13.9,3.7313,13.49,7010.0,94560000.0,0.0,0.0,13.4,13.9,13.4,7010.0
2015-02-02,8.03,13.4,-3.5971,13.44,130.0,1747000.0,0.0,0.0,13.4,13.9,13.4,130.0
2015-02-03,8.208,13.7,2.2388,13.99,9030.0,126364000.0,0.0,0.0,13.9,14.0,13.7,9030.0
2015-02-04,8.329,13.9,1.4599,13.9,2050.0,28495000.0,0.0,0.0,13.9,13.9,13.9,2050.0
2015-02-05,8.329,13.9,0.0,13.9,1910.0,26549000.0,0.0,0.0,13.9,13.9,13.9,1910.0
2015-02-06,7.908,13.2,-5.036,13.85,910.0,12607000.0,0.0,0.0,13.9,13.9,13.2,910.0
2015-02-09,8.149,13.6,3.0303,13.55,350.0,4744000.0,0.0,0.0,13.5,14.0,13.5,350.0
2015-02-10,8.508,14.2,4.4118,13.77,1270.0,17490000.0,0.0,0.0,13.6,14.2,13.5,1270.0
2015-02-11,8.747,14.6,2.8169,14.6,1930.0,28178000.0,0.0,0.0,14.6,14.6,14.6,1930.0
2015-02-12,8.989,15.0,2.7397,15.0,10.0,150000.0,0.0,0.0,15.0,15.0,15.0,10.0
2015-02-13,8.57,14.3,-4.6667,14.2,3020.0,42888000.0,0.0,0.0,14.2,14.3,14.2,3020.0
2015-02-24,8.57,14.3,0.0,14.3,5000.0,71500000.0,0.0,0.0,14.3,14.3,14.3,5000.0
2015-02-25,8.989,15.0,4.8951,14.3,5310.0,75940000.0,0.0,0.0,14.3,15.0,14.3,5310.0
2015-02-26,8.688,14.5,-3.3333,14.5,7810.0,113248000.0,0.0,0.0,14.5,14.8,14.5,7810.0
2015-02-27,8.747,14.6,0.6897,14.57,3950.0,57570000.0,0.0,0.0,14.5,14.6,14.5,3950.0
2015-03-02,9.326,14.5,-0.6849,14.5,20.0,290000.0,0.0,0.0,14.5,14.5,14.5,20.0
2015-03-03,9.326,14.5,0.0,14.5,10.0,145000.0,0.0,0.0,14.5,14.5,14.5,10.0
2015-03-04,9.326,14.5,0.0,0.0,0.0,0.0,0.0,0.0,14.5,14.5,14.5,0.0
2015-03-05,9.198,14.3,-1.3793,13.94,390.0,5435000.0,0.0,0.0,13.5,14.4,13.5,390.0
2015-03-06,9.005,14.0,-2.0979,13.5,2330.0,31465000.0,0.0,0.0,13.5,14.0,13.5,2330.0
2015-03-09,8.941,13.9,-0.7143,13.9,8200.0,113990000.0,0.0,0.0,13.9,14.0,13.9,8200.0
2015-03-10,8.813,13.7,-1.4388,13.7,500.0,6850000.0,0.0,0.0,13.7,13.7,13.7,500.0
2015-03-11,8.747,13.6,-0.7299,13.6,100.0,1360000.0,0.0,0.0,13.6,13.6,13.6,100.0
2015-03-12,8.941,13.9,2.2059,13.69,120.0,1643000.0,0.0,0.0,13.0,13.9,13.0,120.0
2015-03-13,8.813,13.7,-1.4388,13.7,1820.0,24934000.0,0.0,0.0,13.7,13.7,13.7,1820.0
2015-03-16,8.813,13.7,0.0,13.7,7100.0,97270000.0,0.0,0.0,13.7,13.7,13.7,7100.0
2015-03-17,8.813,13.7,0.0,13.7,1400.0,19180000.0,0.0,0.0,13.7,13.7,13.7,1400.0
2015-03-18,8.813,13.7,0.0,13.7,950.0,13017000.0,0.0,0.0,13.8,13.8,13.7,950.0
2015-03-19,8.813,13.7,0.0,13.71,670.0,9184000.0,0.0,0.0,13.7,13.8,13.7,670.0
2015-03-20,8.813,13.7,0.0,13.7,1460.0,20005000.0,0.0,0.0,14.0,14.0,13.7,1460.0
2015-03-23,8.813,13.7,0.0,0.0,0.0,0.0,0.0,0.0,13.7,13.7,13.7,0.0
2015-03-24,8.813,13.7,0.0,13.71,1080.0,14808000.0,0.0,0.0,13.7,13.9,13.7,1080.0
2015-03-25,8.813,13.7,0.0,13.7,2480.0,33976000.0,0.0,0.0,13.7,13.7,13.7,2480.0
2015-03-26,9.005,14.0,2.1898,13.5,1430.0,19310000.0,0.0,0.0,13.5,14.0,13.5,1430.0
2015-03-27,8.877,13.8,-1.4286,13.8,40.0,552000.0,0.0,0.0,13.8,13.8,13.8,40.0
2015-03-30,8.941,13.9,0.7246,14.3,20.0,286000.0,0.0,0.0,14.7,14.7,13.9,20.0
2015-03-31,9.005,14.0,0.7194,14.0,40.0,560000.0,0.0,0.0,14.0,14.0,14.0,40.0
2015-04-01,8.941,13.9,-0.7143,13.89,13100.0,181948000.0,0.0,0.0,13.9,14.0,13.8,13100.0
2015-04-02,8.877,13.8,-0.7194,13.8,900.0,12420000.0,0.0,0.0,13.8,13.8,13.8,900.0
2015-04-03,8.877,13.8,0.0,13.8,680.0,9384000.0,0.0,0.0,13.8,13.8,13.8,680.0
2015-04-06,8.877,13.8,0.0,13.8,3330.0,45958000.0,0.0,0.0,13.8,14.0,13.8,3330.0
2015-04-07,8.877,13.8,0.0,14.0,53770.0,753036000.0,0.0,0.0,14.0,14.2,13.7,53770.0
2015-04-08,8.813,13.7,-0.7246,14.15,5280.0,74690000.0,0.0,0.0,14.2,14.5,13.5,5280.0
2015-04-09,9.134,14.2,3.6496,14.2,60.0,852000.0,0.0,0.0,14.2,14.2,14.2,60.0
2015-04-10,8.877,13.8,-2.8169,14.52,12780.0,185523000.0,0.0,0.0,14.2,14.6,13.5,12780.0
2015-04-13,8.941,13.9,0.7246,14.59,8320.0,121408000.0,0.0,0.0,14.5,14.7,13.8,8320.0
2015-04-14,9.455,14.7,5.7554,14.7,2030.0,29832000.0,0.0,0.0,14.7,14.7,13.8,2030.0
2015-04-15,8.877,13.8,-6.1224,14.28,5830.0,83272000.0,0.0,0.0,13.7,14.8,13.7,5830.0
2015-04-16,9.005,14.0,1.4493,14.57,20390.0,297077000.0,0.0,0.0,13.9,14.7,13.6,20390.0
2015-04-17,9.521,14.8,5.7143,14.88,7160.0,106532000.0,0.0,0.0,14.8,14.9,13.9,7160.0
2015-04-20,9.455,14.7,-0.6757,14.79,1460.0,21589000.0,0.0,0.0,14.8,14.8,13.8,1460.0
2015-04-21,9.005,14.0,-4.7619,14.94,6020.0,89956000.0,0.0,0.0,14.7,15.0,14.0,6020.0
2015-04-22,9.198,14.3,2.1429,14.62,14850.0,217077000.0,0.0,0.0,14.4,14.9,14.3,14850.0
2015-04-23,9.198,14.3,0.0,14.3,10.0,143000.0,0.0,0.0,14.3,14.3,14.3,10.0
2015-04-24,9.263,14.4,0.6993,14.4,30.0,432000.0,0.0,0.0,14.4,14.4,14.4,30.0
2015-04-27,9.521,14.8,0.0,14.55,20.0,291000.0,0.0,0.0,14.3,14.8,14.3,20.0
2015-05-04,9.134,14.2,-4.0541,14.2,10.0,142000.0,0.0,0.0,14.2,14.2,14.2,10.0
2015-05-05,8.684,13.5,-4.9296,13.9,50.0,695000.0,0.0,0.0,14.0,14.0,13.5,50.0
2015-05-06,8.684,13.5,0.0,13.5,4000.0,54000000.0,0.0,0.0,13.5,13.5,13.5,4000.0
2015-05-07,8.684,13.5,0.0,0.0,0.0,0.0,0.0,0.0,13.5,13.5,13.5,0.0
2015-05-08,9.263,14.4,6.6667,14.0,20.0,280000.0,0.0,0.0,13.6,14.4,13.6,20.0
2015-05-11,9.263,14.4,0.0,0.0,0.0,0.0,0.0,0.0,14.4,14.4,14.4,0.0
2015-05-12,9.005,14.0,-2.7778,14.0,20.0,280000.0,0.0,0.0,14.0,14.0,14.0,20.0
2015-05-13,8.877,13.8,-1.4286,13.8,10.0,138000.0,0.0,0.0,13.8,13.8,13.8,10.0
2015-05-14,9.326,14.5,5.0725,13.06,730.0,9535000.0,0.0,0.0,13.0,14.5,13.0,730.0
2015-05-15,8.877,13.8,-4.8276,14.15,20.0,283000.0,0.0,0.0,14.5,14.5,13.8,20.0
2015-05-18,8.813,13.7,-0.7246,13.7,2000.0,27400000.0,0.0,0.0,13.7,13.7,13.7,2000.0
2015-05-19,8.813,13.7,0.0,13.7,1000.0,13700000.0,0.0,0.0,13.7,13.7,13.7,1000.0
2015-05-20,9.134,14.2,3.6496,14.2,10.0,142000.0,0.0,0.0,14.2,14.2,14.2,10.0
2015-05-21,9.134,14.2,0.0,0.0,0.0,0.0,0.0,0.0,14.2,14.2,14.2,0.0
2015-05-22,9.134,14.2,0.0,0.0,0.0,0.0,0.0,0.0,14.2,14.2,14.2,0.0
2015-05-25,9.005,14.0,-1.4085,14.0,1010.0,14138000.0,0.0,0.0,13.8,14.0,13.8,1010.0
2015-05-26,9.005,14.0,0.0,14.0,2000.0,28000000.0,0.0,0.0,14.0,14.0,14.0,2000.0
2015-05-27,9.005,14.0,0.0,13.85,4370.0,60524000.0,0.0,0.0,13.8,14.4,13.7,4370.0
2015-05-28,9.005,14.0,0.0,14.0,200.0,2800000.0,0.0,0.0,14.0,14.0,14.0,200.0
2015-05-29,9.005,14.0,0.0,14.0,2500.0,35000000.0,0.0,0.0,14.0,14.0,14.0,2500.0
2015-06-01,9.005,14.0,0.0,14.0,1000.0,14000000.0,0.0,0.0,14.0,14.0,14.0,1000.0
2015-06-02,9.005,14.0,0.0,14.0,1630.0,22820000.0,0.0,0.0,14.0,14.0,14.0,1630.0
2015-06-03,9.07,14.1,0.7143,14.09,5470.0,77081000.0,0.0,0.0,14.0,14.1,14.0,5470.0
2015-06-04,9.07,14.1,0.0,14.06,1500.0,21090000.0,0.0,0.0,14.1,14.1,14.0,1500.0
2015-06-05,9.07,14.1,0.0,0.0,0.0,0.0,0.0,0.0,14.1,14.1,14.1,0.0
2015-06-08,9.326,14.5,2.8369,14.48,1820.0,26346000.0,0.0,0.0,14.1,14.5,14.1,1820.0
2015-06-09,9.07,14.1,-2.7586,14.1,20460.0,288465000.0,0.0,0.0,14.1,14.1,14.0,20460.0
2015-06-10,9.07,14.1,0.0,14.1,2000.0,28200000.0,0.0,0.0,14.1,14.1,14.1,2000.0
2015-06-11,9.07,14.1,0.0,14.13,2430.0,34326000.0,0.0,0.0,14.2,14.2,14.1,2430.0
2015-06-12,9.134,14.2,0.7092,14.2,340.0,4828000.0,0.0,0.0,14.2,14.2,14.2,340.0
2015-06-15,9.134,14.2,0.0,0.0,0.0,0.0,0.0,0.0,14.2,14.2,14.2,0.0
2015-06-16,9.198,14.3,0.7042,14.3,1210.0,17303000.0,0.0,0.0,14.3,14.3,14.3,1210.0
2015-06-17,9.263,14.4,0.6993,14.4,700.0,10080000.0,0.0,0.0,14.4,14.4,14.4,700.0
2015-06-18,9.39,14.6,1.3889,14.53,1500.0,21800000.0,0.0,0.0,14.4,14.6,14.4,1500.0
2015-06-19,9.39,14.6,0.0,14.6,700.0,10220000.0,0.0,0.0,14.6,14.6,14.6,700.0
2015-06-22,9.455,14.7,0.6849,14.7,1050.0,15435000.0,0.0,0.0,14.7,14.7,14.7,1050.0
2015-06-23,9.647,15.0,2.0408,14.98,13570.0,203332000.0,0.0,0.0,14.8,15.0,14.8,13570.0
2015-06-24,9.647,15.0,0.0,14.97,5470.0,81899000.0,0.0,0.0,14.9,15.0,14.9,5470.0
2015-06-25,9.647,15.0,0.0,15.0,1210.0,18150000.0,0.0,0.0,15.0,15.0,15.0,1210.0
2015-06-26,9.97,15.5,3.3333,15.01,1940.0,29120000.0,0.0,0.0,15.0,15.5,15.0,1940.0
2015-06-29,9.778,15.2,-1.9355,15.2,50.0,760000.0,0.0,0.0,15.2,15.2,15.2,50.0
2015-06-30,9.713,15.1,-0.6579,15.1,690.0,10419000.0,0.0,0.0,15.1,15.1,15.1,690.0
2015-07-01,9.841,15.3,1.3245,15.01,5150.0,77297000.0,0.0,0.0,15.0,15.5,15.0,5150.0
2015-07-02,9.97,15.5,1.3072,15.01,840.0,12610000.0,0.0,0.0,15.0,15.5,15.0,840.0
2015-07-03,9.647,15.0,-3.2258,15.0,1050.0,15755000.0,0.0,0.0,15.5,15.5,15.0,1050.0
2015-07-06,9.778,15.2,1.3333,15.01,520.0,7806000.0,0.0,0.0,15.4,15.4,15.0,520.0
2015-07-07,9.778,15.2,0.0,15.47,30.0,464000.0,0.0,0.0,16.0,16.0,15.2,30.0
2015-07-08,9.713,15.1,-0.6579,15.1,1710.0,25826000.0,0.0,0.0,15.5,15.5,15.1,1710.0
2015-07-09,9.713,15.1,0.0,15.0,420.0,6302000.0,0.0,0.0,15.0,15.1,15.0,420.0
2015-07-10,9.647,15.0,-0.6623,14.96,910.0,13612000.0,0.0,0.0,14.6,15.2,14.6,910.0
2015-07-13,9.647,15.0,0.0,15.0,50.0,1000000.0,0.0,0.0,15.0,15.0,15.0,50.0
2015-07-14,9.647,15.0,0.0,15.23,1400.0,21320000.0,0.0,0.0,15.4,15.4,15.0,1400.0
2015-07-15,9.97,15.5,3.3333,15.5,310.0,4805000.0,0.0,0.0,15.5,15.5,15.5,310.0
2015-07-16,9.906,15.4,-0.6452,15.31,660.0,10106000.0,0.0,0.0,15.4,15.4,15.0,660.0
2015-07-17,9.906,15.4,0.0,0.0,0.0,0.0,0.0,0.0,15.4,15.4,15.4,0.0
2015-07-20,9.906,15.4,0.0,15.43,300.0,4630000.0,0.0,0.0,15.5,15.5,15.4,300.0
2015-07-21,9.713,15.1,-1.9481,15.1,10.0,151000.0,0.0,0.0,15.1,15.1,15.1,10.0
2015-07-22,9.906,15.4,1.9868,15.38,2680.0,41212000.0,0.0,0.0,15.4,15.4,15.2,2680.0
2015-07-23,10.033,15.6,1.2987,15.6,1500.0,23400000.0,0.0,0.0,15.6,15.6,15.6,1500.0
2015-07-24,9.97,15.5,-0.641,15.44,1090.0,16835000.0,0.0,0.0,16.2,16.2,15.4,1090.0
2015-07-27,9.713,15.1,-2.5806,15.58,210.0,3271000.0,0.0,0.0,16.1,16.1,15.1,210.0
2015-07-28,9.97,15.5,2.649,15.13,130.0,1967000.0,0.0,0.0,15.1,15.5,15.1,130.0
2015-07-29,9.97,15.5,0.0,15.53,1720.0,26712000.0,0.0,0.0,15.5,15.6,15.5,1720.0
2015-07-30,9.97,15.5,0.0,15.8,2010.0,31761000.0,0.0,0.0,16.1,16.1,15.5,2010.0
2015-07-31,9.97,15.5,0.0,15.52,6630.0,102888000.0,0.0,0.0,15.5,16.2,15.4,6630.0
2015-08-03,10.228,15.9,2.5806,15.5,1010.0,15659000.0,0.0,0.0,15.5,15.9,15.5,1010.0
2015-08-04,10.356,16.1,1.2579,16.13,21010.0,338801000.0,0.0,0.0,16.1,16.2,16.1,21010.0
2015-08-05,10.356,16.1,0.0,16.5,2540.0,41903000.0,0.0,0.0,16.6,16.6,16.1,2540.0
2015-08-06,11.063,17.2,6.8323,17.1,14710.0,251546000.0,0.0,0.0,16.9,17.2,16.8,14710.0
2015-08-07,11.514,17.9,4.0698,17.9,4010.0,71780000.0,0.0,0.0,18.0,18.0,17.9,4010.0
2015-08-10,10.936,17.0,-5.0279,17.01,810.0,13779000.0,0.0,0.0,17.9,17.9,17.0,810.0
2015-08-11,10.612,16.5,-2.9412,16.51,410.0,6770000.0,0.0,0.0,17.0,17.0,16.5,410.0
2015-08-12,10.42,16.2,-1.8182,16.08,8450.0,135900000.0,0.0,0.0,16.1,16.2,16.0,8450.0
2015-08-13,10.998,17.1,5.5556,17.09,10710.0,182982000.0,0.0,0.0,16.8,17.3,16.8,10710.0
2015-08-14,10.936,17.0,-0.5848,17.0,1000.0,17000000.0,0.0,0.0,17.0,17.0,17.0,1000.0
2015-08-17,10.87,16.9,-0.5882,16.86,2900.0,48880000.0,0.0,0.0,16.8,16.9,16.8,2900.0
2015-08-18,10.74,16.7,-1.1834,16.7,3300.0,55110000.0,0.0,0.0,16.7,16.7,16.7,3300.0
2015-08-19,10.612,16.5,-1.1976,16.5,1000.0,16500000.0,0.0,0.0,16.5,16.5,16.5,1000.0
2015-08-20,10.485,16.3,-1.2121,16.43,2530.0,41561000.0,0.0,0.0,16.5,16.5,16.3,2530.0
2015-08-21,10.807,16.8,3.0675,16.3,2620.0,42718000.0,0.0,0.0,17.0,17.0,16.3,2620.0
2015-08-24,10.74,16.7,-0.5952,16.24,7070.0,114816000.0,0.0,0.0,17.0,17.0,16.2,7070.0
2015-08-25,10.74,16.7,0.0,16.29,5250.0,85536000.0,0.0,0.0,16.8,16.8,16.0,5250.0
2015-08-26,10.87,16.9,1.1976,16.17,1020.0,16489000.0,0.0,0.0,17.0,17.0,16.1,1020.0
2015-08-27,10.936,17.0,0.5917,16.75,20.0,335000.0,0.0,0.0,16.5,17.0,16.5,20.0
2015-08-28,10.936,17.0,0.0,17.0,100.0,1700000.0,0.0,0.0,17.0,17.0,17.0,100.0
2015-08-31,10.936,17.0,0.0,17.08,60.0,1025000.0,0.0,0.0,17.5,17.5,17.0,60.0
2015-09-01,10.936,17.0,0.0,0.0,0.0,0.0,0.0,0.0,17.0,17.0,17.0,0.0
2015-09-03,10.485,16.3,-4.1176,16.3,1400.0,22820000.0,0.0,0.0,16.3,16.3,16.3,1400.0
2015-09-04,10.936,17.0,4.2945,17.0,10.0,170000.0,0.0,0.0,17.0,17.0,17.0,10.0
2015-09-07,10.936,17.0,0.0,0.0,0.0,0.0,0.0,0.0,17.0,17.0,17.0,0.0
2015-09-08,10.936,17.0,0.0,0.0,0.0,0.0,0.0,0.0,17.0,17.0,17.0,0.0
2015-09-09,10.936,17.0,0.0,0.0,0.0,0.0,0.0,0.0,17.0,17.0,17.0,0.0
2015-09-10,10.87,16.9,-0.5882,16.9,50.0,845000.0,0.0,0.0,16.9,16.9,16.9,50.0
2015-09-11,10.936,17.0,0.5917,16.9,1970.0,33293000.0,0.0,0.0,16.8,17.0,16.8,1970.0
2015-09-14,11.192,17.4,2.3529,17.01,610.0,10374000.0,0.0,0.0,17.0,17.4,17.0,610.0
2015-09-15,10.998,17.1,-1.7241,17.07,14380.0,245447000.0,0.0,0.0,17.4,17.4,17.0,14380.0
2015-09-16,10.998,17.1,0.0,17.1,2380.0,40698000.0,0.0,0.0,17.1,17.1,17.1,2380.0
2015-09-17,10.998,17.1,0.0,17.1,1100.0,18810000.0,0.0,0.0,17.1,17.1,17.1,1100.0
2015-09-18,11.063,17.2,0.5848,17.2,5690.0,97848000.0,0.0,0.0,17.1,17.2,17.1,5690.0
2015-09-21,11.192,17.4,1.1628,17.36,2440.0,42349000.0,0.0,0.0,17.3,17.4,17.3,2440.0
2015-09-22,11.45,17.8,2.2989,17.82,1130.0,20134000.0,0.0,0.0,17.9,17.9,17.7,1130.0
2015-09-23,11.384,17.7,-0.5618,17.77,3810.0,67712000.0,0.0,0.0,17.8,18.2,17.7,3810.0
2015-09-24,11.837,18.4,3.9548,18.4,510.0,9385000.0,0.0,0.0,18.5,18.5,18.4,510.0
2015-09-25,11.899,18.5,0.5435,17.96,220.0,3951000.0,0.0,0.0,18.6,18.6,17.9,220.0
2015-09-28,11.128,17.3,-6.4865,17.31,2400.0,41552000.0,0.0,0.0,17.4,18.5,17.3,2400.0
2015-09-29,11.578,18.0,4.0462,16.75,1140.0,19097000.0,0.0,0.0,18.0,18.0,16.4,1140.0
2015-09-30,11.128,17.3,-3.8889,17.3,3120.0,53974000.0,0.0,0.0,18.4,18.4,17.1,3120.0
2015-10-01,11.192,17.4,0.578,17.4,500.0,8700000.0,0.0,0.0,17.4,17.4,17.4,500.0
2015-10-02,11.45,17.8,2.2989,17.7,50.0,885000.0,0.0,0.0,18.2,18.2,17.3,50.0
2015-10-05,11.578,18.0,1.1236,17.8,30.0,534000.0,0.0,0.0,18.2,18.2,17.2,30.0
2015-10-06,11.192,17.4,-3.3333,17.45,160.0,2792000.0,0.0,0.0,17.3,18.1,17.3,160.0
2015-10-07,11.578,18.0,3.4483,17.67,30.0,530000.0,0.0,0.0,18.0,18.0,17.0,30.0
2015-10-08,11.514,17.9,-0.5556,17.72,4500.0,79740000.0,0.0,0.0,18.3,18.3,17.6,4500.0
2015-10-09,11.384,17.7,-1.1173,17.97,2400.0,43120000.0,0.0,0.0,18.0,18.1,17.7,2400.0
2015-10-12,11.642,18.1,2.2599,18.1,10.0,181000.0,0.0,0.0,18.1,18.1,18.1,10.0
2015-10-13,11.578,18.0,-0.5525,17.85,3470.0,61942000.0,0.0,0.0,18.1,18.1,17.6,3470.0
2015-10-14,11.642,18.1,0.5556,17.92,5930.0,106295000.0,0.0,0.0,18.3,18.3,17.9,5930.0
2015-10-15,11.77,18.3,1.105,18.13,12390.0,224641000.0,0.0,0.0,18.3,18.3,17.9,12390.0
2015-10-16,11.899,18.5,1.0929,18.4,1350.0,24840000.0,0.0,0.0,18.2,18.7,18.2,1350.0
2015-10-19,12.67,19.7,6.4865,19.39,5680.0,110119000.0,0.0,0.0,19.2,19.7,19.1,5680.0
2015-10-20,13.25,20.6,4.5685,20.27,12930.0,262042000.0,0.0,0.0,19.7,20.8,19.7,12930.0
2015-10-21,13.315,20.7,0.4854,20.5,1750.0,35880000.0,0.0,0.0,20.6,21.5,19.2,1750.0
2015-10-22,13.315,20.7,0.0,20.0,10020.0,200438000.0,0.0,0.0,20.8,20.8,20.0,10020.0
2015-10-23,13.058,20.3,-1.9324,19.91,1920.0,38220000.0,0.0,0.0,20.7,20.7,19.9,1920.0
2015-10-26,12.994,20.2,-0.4926,20.05,4110.0,82425000.0,0.0,0.0,20.7,20.7,20.0,4110.0
2015-10-27,13.637,21.2,4.9505,20.88,36770.0,767806000.0,0.0,0.0,20.2,21.5,20.2,36770.0
2015-10-28,13.83,21.5,1.4151,21.17,14800.0,313297000.0,0.0,0.0,22.0,22.0,21.1,14800.0
2015-10-29,14.022,21.8,1.3953,21.34,10080.0,215103000.0,0.0,0.0,21.5,21.8,21.0,10080.0
2015-10-30,14.151,22.0,0.9174,21.78,10130.0,220582000.0,0.0,0.0,21.8,22.0,21.3,10130.0
2015-11-02,14.151,20.5,-6.8182,19.13,5010.0,95850000.0,0.0,0.0,19.1,21.0,19.1,5010.0
2015-11-03,14.151,20.5,0.0,20.35,2590.0,52710000.0,0.0,0.0,20.0,21.0,19.9,2590.0
2015-11-04,14.496,21.0,2.439,20.62,4640.0,95675000.0,0.0,0.0,20.0,21.0,20.0,4640.0
2015-11-05,14.22,20.6,-1.9048,20.68,1910.0,39490000.0,0.0,0.0,21.0,21.0,20.6,1910.0
2015-11-06,13.806,20.0,-2.9126,20.34,3990.0,81166000.0,0.0,0.0,20.5,20.5,20.0,3990.0
2015-11-09,14.082,20.4,2.0,20.53,70.0,1437000.0,0.0,0.0,20.8,20.9,20.4,70.0
2015-11-10,13.598,19.7,-3.4314,19.74,1060.0,20924000.0,0.0,0.0,20.4,20.4,19.7,1060.0
2015-11-11,13.598,19.7,0.0,19.73,5640.0,111265000.0,0.0,0.0,19.8,20.9,19.7,5640.0
2015-11-12,14.082,20.4,3.5533,19.69,4340.0,85448000.0,0.0,0.0,19.7,20.4,19.5,4340.0
2015-11-13,13.737,19.9,-2.451,19.69,1590.0,31300000.0,0.0,0.0,19.3,20.8,19.3,1590.0
2015-11-16,14.151,20.5,3.0151,20.08,1190.0,23899000.0,0.0,0.0,20.7,20.7,20.0,1190.0
2015-11-17,14.151,20.5,0.0,20.75,10750.0,223063000.0,0.0,0.0,20.7,21.6,20.5,10750.0
2015-11-18,14.428,20.9,1.9512,20.62,1440.0,29690000.0,0.0,0.0,21.3,21.3,20.6,1440.0
2015-11-19,14.496,21.0,0.4785,21.05,9560.0,201241000.0,0.0,0.0,21.3,21.3,21.0,9560.0
2015-11-20,14.772,21.4,1.9048,20.84,13960.0,290922000.0,0.0,0.0,20.7,21.5,20.7,13960.0
2015-11-23,14.567,21.1,-1.4019,21.11,14280.0,301497000.0,0.0,0.0,22.0,22.8,21.0,14280.0
2015-11-24,14.496,21.0,-0.4739,21.0,16470.0,345894000.0,0.0,0.0,21.1,21.4,21.0,16470.0
2015-11-25,14.772,21.4,1.9048,21.09,10190.0,214931000.0,0.0,0.0,21.0,21.5,21.0,10190.0
2015-11-26,14.496,21.0,-1.8692,21.05,390.0,8209000.0,0.0,0.0,22.0,22.0,21.0,390.0
2015-11-27,14.496,21.0,0.0,21.02,7490.0,157437000.0,0.0,0.0,21.6,21.6,21.0,7490.0
2015-11-30,14.496,21.0,0.0,21.01,9430.0,198084000.0,0.0,0.0,21.5,22.0,21.0,9430.0
2015-12-01,14.703,21.3,1.4286,21.36,35450.0,757333000.0,0.0,0.0,21.0,22.0,21.0,35450.0
2015-12-02,15.118,21.9,2.8169,21.6,13260.0,286420000.0,0.0,0.0,21.3,22.5,21.3,13260.0
2015-12-03,15.947,23.1,5.4795,23.01,4750.0,109278000.0,0.0,0.0,23.0,23.1,22.8,4750.0
2015-12-04,15.392,22.3,-3.4632,22.77,9220.0,209982000.0,0.0,0.0,23.4,23.5,22.3,9220.0
2015-12-07,15.599,22.6,1.3453,22.55,1300.0,29320000.0,0.0,0.0,22.6,22.6,22.3,1300.0
2015-12-08,15.877,23.0,1.7699,22.43,6010.0,134795000.0,0.0,0.0,22.1,23.0,22.1,6010.0
2015-12-09,15.599,22.6,-1.7391,22.5,4550.0,102379000.0,0.0,0.0,23.0,23.0,22.1,4550.0
2015-12-10,15.326,22.2,-1.7699,22.23,630.0,14002000.0,0.0,0.0,23.0,23.0,22.2,630.0
2015-12-11,16.153,23.4,5.4054,22.14,1590.0,35208000.0,0.0,0.0,22.0,23.7,22.0,1590.0
2015-12-14,16.153,23.4,0.0,23.04,2820.0,64961000.0,0.0,0.0,22.1,23.5,22.1,2820.0
2015-12-15,16.014,23.2,-0.8547,23.48,3220.0,75619000.0,0.0,0.0,23.5,23.5,23.2,3220.0
2015-12-16,15.877,23.0,-0.8621,23.23,5460.0,126814000.0,0.0,0.0,23.0,23.9,23.0,5460.0
2015-12-17,16.223,23.5,2.1739,23.01,2490.0,57294000.0,0.0,0.0,23.5,23.5,23.0,2490.0
2015-12-18,16.223,23.5,0.0,0.0,0.0,0.0,0.0,0.0,23.5,23.5,23.5,0.0
2015-12-21,16.43,23.8,1.2766,23.51,2670.0,62776000.0,0.0,0.0,24.9,24.9,23.0,2670.0
2015-12-22,16.223,23.5,-1.2605,23.5,1770.0,41595000.0,0.0,0.0,23.5,23.5,23.5,1770.0
2015-12-23,16.223,23.5,0.0,23.04,7820.0,180157000.0,0.0,0.0,23.8,23.8,23.0,7820.0
2015-12-24,16.498,23.9,1.7021,23.56,230.0,5418000.0,0.0,0.0,23.5,24.0,23.5,230.0
2015-12-25,16.223,23.5,-1.6736,23.01,7290.0,167739000.0,0.0,0.0,24.5,25.0,23.0,7290.0
2015-12-28,16.912,24.5,4.2553,24.5,10.0,245000.0,0.0,0.0,24.5,24.5,24.5,10.0
2015-12-29,15.877,23.0,-6.1224,23.54,4160.0,97940000.0,0.0,0.0,24.0,24.0,23.0,4160.0
2015-12-30,16.223,23.5,2.1739,23.01,470.0,10815000.0,0.0,0.0,23.0,23.5,23.0,470.0
2015-12-31,16.223,23.5,0.0,23.01,3280.0,75470000.0,0.0,0.0,23.0,23.5,23.0,3280.0
2016-01-04,15.877,23.0,-2.1277,23.0,3200.0,73603000.0,0.0,0.0,23.5,23.5,22.5,3200.0
2016-01-05,15.877,23.0,0.0,23.0,6610.0,152030000.0,0.0,0.0,23.0,23.0,23.0,6610.0
2016-01-06,15.877,23.0,0.0,23.02,6830.0,157220000.0,0.0,0.0,23.0,23.1,23.0,6830.0
2016-01-07,16.223,23.5,2.1739,23.02,15170.0,349192000.0,0.0,0.0,23.0,23.5,23.0,15170.0
2016-01-08,16.223,23.5,0.0,23.14,4160.0,96263000.0,0.0,0.0,23.4,23.5,23.0,4160.0
2016-01-11,15.947,23.1,-1.7021,23.09,6660.0,153786000.0,0.0,0.0,23.2,23.2,23.0,6660.0
2016-01-12,16.223,23.5,1.7316,23.0,3510.0,80735000.0,0.0,0.0,23.0,23.5,23.0,3510.0
2016-01-13,16.223,23.5,0.0,0.0,0.0,0.0,0.0,0.0,23.5,23.5,23.5,0.0
2016-01-14,17.188,24.9,5.9574,23.03,3070.0,70699000.0,0.0,0.0,23.0,24.9,23.0,3070.0
2016-01-15,17.188,24.9,0.0,24.51,12250.0,300202000.0,0.0,0.0,24.5,25.3,24.5,12250.0
2016-01-18,16.29,23.6,-5.2209,23.63,2180.0,51523000.0,0.0,0.0,23.6,25.1,23.6,2180.0
2016-01-19,16.084,23.3,-1.2712,23.89,620.0,14812000.0,0.0,0.0,24.2,24.2,23.3,620.0
2016-01-20,16.567,24.0,3.0043,23.26,540.0,12560000.0,0.0,0.0,23.2,24.0,23.2,540.0
2016-01-21,16.43,23.8,-0.8333,23.06,7650.0,176415000.0,0.0,0.0,23.0,23.8,23.0,7650.0
2016-01-22,16.43,23.8,0.0,22.89,11880.0,271898000.0,0.0,0.0,23.1,23.8,22.5,11880.0
2016-01-25,15.877,23.0,-3.3613,23.26,6980.0,162340000.0,0.0,0.0,23.0,23.8,23.0,6980.0
2016-01-26,16.29,23.6,2.6087,23.6,30.0,708000.0,0.0,0.0,23.6,23.6,23.6,30.0
2016-01-27,16.29,23.6,0.0,0.0,0.0,0.0,0.0,0.0,23.6,23.6,23.6,0.0
2016-01-28,15.532,22.5,-4.661,22.54,15080.0,339875000.0,0.0,0.0,22.8,23.0,22.5,15080.0
2016-01-29,16.223,23.5,4.4444,22.73,140.0,3182000.0,0.0,0.0,22.6,23.5,22.6,140.0
2016-02-01,16.29,23.6,0.4255,22.01,2090.0,45996000.0,0.0,0.0,22.0,23.6,22.0,2090.0
2016-02-02,15.599,22.6,-4.2373,22.54,7360.0,165910000.0,0.0,0.0,22.5,23.5,22.5,7360.0
2016-02-03,15.877,23.0,1.7699,22.64,100.0,2264000.0,0.0,0.0,22.6,23.0,22.6,100.0
2016-02-04,16.223,23.5,2.1739,23.5,10.0,235000.0,0.0,0.0,23.5,23.5,23.5,10.0
2016-02-05,16.223,23.5,0.0,0.0,0.0,0.0,0.0,0.0,23.5,23.5,23.5,0.0
2016-02-15,16.153,23.4,-0.4255,23.01,4090.0,94123000.0,0.0,0.0,23.7,24.0,23.0,4090.0
2016-02-16,16.153,23.4,0.0,0.0,0.0,0.0,0.0,0.0,23.4,23.4,23.4,0.0
2016-02-17,16.014,23.2,-0.8547,23.22,6390.0,148351000.0,0.0,0.0,23.5,23.5,23.2,6390.0
2016-02-18,16.153,23.4,0.8621,23.3,1560.0,36344000.0,0.0,0.0,23.0,23.4,23.0,1560.0
2016-02-19,16.223,23.5,0.4274,23.28,920.0,21420000.0,0.0,0.0,23.1,23.5,23.1,920.0
2016-02-22,15.877,23.0,-2.1277,23.28,10740.0,247640000.0,0.0,0.0,23.3,23.3,23.0,10740.0
2016-02-23,15.877,23.0,0.0,23.12,4800.0,110960000.0,0.0,0.0,23.4,23.4,23.0,4800.0
2016-02-24,16.223,23.5,2.1739,23.02,520.0,11970000.0,0.0,0.0,23.0,23.5,23.0,520.0
2016-02-25,16.223,23.5,0.0,23.0,3710.0,85340000.0,0.0,0.0,23.0,23.5,23.0,3710.0
2016-02-26,16.153,23.4,-0.4255,23.4,10.0,234000.0,0.0,0.0,23.4,23.4,23.4,10.0
2016-02-29,15.877,23.0,-1.7094,23.17,3070.0,71145000.0,0.0,0.0,23.5,23.5,23.0,3070.0
2016-03-01,15.877,23.0,0.0,23.0,1370.0,31510000.0,0.0,0.0,23.0,23.0,23.0,1370.0
2016-03-02,15.738,22.8,-0.8696,22.8,1510.0,34428000.0,0.0,0.0,22.8,22.8,22.8,1510.0
2016-03-03,15.738,22.8,0.0,22.8,5680.0,129504000.0,0.0,0.0,22.8,22.8,22.8,5680.0
2016-03-04,16.014,23.2,1.7544,22.81,1790.0,40830000.0,0.0,0.0,23.5,23.5,22.8,1790.0
2016-03-07,15.877,23.0,-0.8621,22.82,560.0,12781000.0,0.0,0.0,22.8,23.7,22.8,560.0
2016-03-08,16.153,23.4,1.7391,22.82,390.0,8898000.0,0.0,0.0,22.8,23.4,22.8,390.0
2016-03-09,15.877,23.0,-1.7094,23.25,1870.0,43480000.0,0.0,0.0,23.7,24.0,23.0,1870.0
2016-03-10,15.877,23.0,0.0,23.04,3230.0,74408000.0,0.0,0.0,23.0,23.6,23.0,3230.0
2016-03-11,16.084,23.3,1.3043,23.42,11100.0,259954000.0,0.0,0.0,23.2,23.6,23.2,11100.0
2016-03-14,16.637,24.1,3.4335,24.07,4530.0,109047000.0,60000.0,1302000000.0,23.4,24.5,23.4,64530.0
2016-03-15,16.359,23.7,-1.6598,24.06,1630.0,39218000.0,0.0,0.0,24.6,24.6,23.7,1630.0
2016-03-16,16.844,24.4,2.9536,24.02,2150.0,51640000.0,0.0,0.0,23.7,24.4,23.6,2150.0
2016-03-17,16.705,24.2,-0.8197,23.89,1310.0,31302000.0,0.0,0.0,24.2,24.2,23.8,1310.0
2016-03-18,16.498,23.9,-1.2397,23.96,10800.0,258821000.0,0.0,0.0,24.0,24.0,23.9,10800.0
2016-03-21,17.12,24.8,3.7657,23.51,1510.0,35504000.0,0.0,0.0,23.8,24.8,23.5,1510.0
2016-03-22,17.12,24.8,0.0,0.0,0.0,0.0,0.0,0.0,24.8,24.8,24.8,0.0
2016-03-23,16.43,23.8,-4.0323,23.8,10.0,238000.0,0.0,0.0,23.8,23.8,23.8,10.0
2016-03-24,16.43,23.8,0.0,23.97,2660.0,63768000.0,0.0,0.0,24.8,24.8,23.8,2660.0
2016-03-25,17.05,24.7,3.7815,24.7,10.0,247000.0,0.0,0.0,24.7,24.7,24.7,10.0
2016-03-28,15.877,23.0,-6.8826,23.37,1690.0,39495000.0,0.0,0.0,23.5,23.5,23.0,1690.0
2016-03-29,16.567,24.0,4.3478,23.9,2010.0,48041000.0,0.0,0.0,24.0,24.0,23.9,2010.0
2016-03-30,16.844,24.4,1.6667,24.4,20.0,488000.0,0.0,0.0,24.4,24.4,24.4,20.0
2016-03-31,15.807,22.9,-6.1475,23.11,1530.0,35361000.0,0.0,0.0,23.7,23.9,22.8,1530.0
2016-04-01,16.844,24.4,6.5502,23.45,3390.0,79487000.0,0.0,0.0,23.0,24.5,23.0,3390.0
2016-04-04,16.912,24.5,0.4098,24.0,500.0,12000000.0,0.0,0.0,23.3,24.5,23.3,500.0
2016-04-05,16.912,24.5,0.0,0.0,0.0,0.0,0.0,0.0,24.5,24.5,24.5,0.0
2016-04-06,16.844,24.4,-0.4082,23.35,210.0,4904000.0,0.0,0.0,23.3,24.4,23.3,210.0
2016-04-07,17.257,25.0,2.459,24.52,160.0,3923000.0,0.0,0.0,24.4,25.0,24.4,160.0
2016-04-08,16.637,24.1,-3.6,24.11,250.0,6028000.0,0.0,0.0,23.8,24.4,23.8,250.0
2016-04-11,16.844,24.4,1.2448,23.71,3320.0,78708000.0,0.0,0.0,23.8,24.4,23.5,3320.0
2016-04-12,16.567,24.0,-1.6393,24.33,360.0,8760000.0,0.0,0.0,24.6,24.6,24.0,360.0
2016-04-13,16.498,23.9,-0.4167,23.92,1660.0,39712000.0,0.0,0.0,24.0,24.3,23.9,1660.0
2016-04-14,16.705,24.2,1.2552,24.2,10.0,242000.0,0.0,0.0,24.2,24.2,24.2,10.0
2016-04-15,16.705,24.2,0.0,24.33,720.0,17514000.0,0.0,0.0,24.4,24.4,23.5,720.0
2016-04-19,16.567,24.0,-0.8264,24.17,600.0,14500000.0,0.0,0.0,24.2,24.2,24.0,600.0
2016-04-20,16.705,24.2,0.8333,24.04,7560.0,181773000.0,0.0,0.0,23.8,24.3,23.8,7560.0
2016-04-21,16.567,24.0,-0.8264,23.94,3410.0,81626000.0,0.0,0.0,24.4,24.4,23.8,3410.0
2016-04-22,16.567,24.0,0.0,23.99,1400.0,33590000.0,0.0,0.0,23.9,24.0,23.9,1400.0
2016-04-25,16.567,24.0,0.0,24.0,16000.0,384000000.0,0.0,0.0,24.0,24.0,24.0,16000.0
2016-04-26,16.773,24.3,1.25,24.02,660.0,15853000.0,0.0,0.0,25.0,25.0,24.0,660.0
2016-04-27,17.879,25.9,6.5844,24.87,18350.0,456318000.0,0.0,0.0,24.4,26.0,24.3,18350.0
2016-04-28,18.638,27.0,4.2471,27.01,16520.0,446127000.0,0.0,0.0,27.6,27.6,26.4,16520.0
2016-04-29,18.638,27.0,0.0,26.53,550.0,14589000.0,0.0,0.0,27.0,27.0,26.2,550.0
2016-05-04,18.362,26.6,-1.4815,26.82,10160.0,272496000.0,0.0,0.0,27.0,27.0,26.6,10160.0
2016-05-05,18.086,26.2,-1.5038,26.12,14460.0,377677000.0,0.0,0.0,26.4,26.4,26.0,14460.0
2016-05-06,18.432,26.7,1.9084,26.24,5210.0,136709000.0,0.0,0.0,26.2,26.7,26.0,5210.0
2016-05-09,18.155,26.3,-1.4981,26.17,3040.0,79562000.0,0.0,0.0,26.2,26.4,26.1,3040.0
2016-05-10,17.602,25.5,-3.0418,25.6,7830.0,200433000.0,0.0,0.0,25.7,26.3,25.5,7830.0
2016-05-11,18.225,26.4,3.5294,26.18,8870.0,232198000.0,0.0,0.0,26.0,27.0,26.0,8870.0
2016-05-12,18.568,26.9,1.8939,26.73,23330.0,623582000.0,0.0,0.0,26.6,27.0,26.6,23330.0
2016-05-13,18.432,26.7,-0.7435,26.76,4950.0,132465000.0,0.0,0.0,27.1,27.1,26.7,4950.0
2016-05-16,18.638,27.0,1.1236,26.73,6740.0,180172000.0,0.0,0.0,26.6,27.1,26.6,6740.0
2016-05-17,18.638,27.0,0.0,26.61,2530.0,67323000.0,0.0,0.0,27.2,27.2,26.6,2530.0
2016-05-18,18.568,26.9,-0.3704,26.8,3050.0,81747000.0,0.0,0.0,27.0,27.0,26.7,3050.0
2016-05-19,18.5,26.8,-0.3717,26.72,2030.0,54251000.0,0.0,0.0,26.6,26.8,26.6,2030.0
2016-05-20,19.535,28.3,5.597,27.85,50700.0,1411793000.0,0.0,0.0,27.0,28.6,26.9,50700.0
2016-05-23,20.019,29.0,2.4735,29.08,29580.0,860194000.0,0.0,0.0,29.3,29.3,28.4,29580.0
2016-05-24,20.019,29.0,0.0,29.0,900.0,26100000.0,0.0,0.0,29.0,29.0,29.0,900.0
2016-05-25,19.673,28.5,-1.7241,28.19,6720.0,189454000.0,0.0,0.0,29.0,29.0,28.1,6720.0
2016-05-26,19.397,28.1,-1.4035,28.25,14810.0,418418000.0,0.0,0.0,28.2,28.5,28.1,14810.0
2016-05-27,19.397,28.1,0.0,28.01,5850.0,163865000.0,0.0,0.0,28.1,28.9,27.9,5850.0
2016-05-30,19.33,28.0,-0.3559,28.12,2760.0,77616000.0,0.0,0.0,28.3,28.3,28.0,2760.0
2016-05-31,19.33,28.0,0.0,27.85,8640.0,240603000.0,0.0,0.0,27.5,28.0,27.5,8640.0
2016-06-01,19.191,27.8,-0.7143,27.94,3450.0,96401000.0,0.0,0.0,27.9,28.0,27.6,3450.0
2016-06-02,19.811,28.7,3.2374,27.97,12530.0,350423000.0,0.0,0.0,28.5,28.8,27.9,12530.0
2016-06-03,19.191,27.8,-3.1359,27.8,1170.0,32526000.0,0.0,0.0,27.8,27.8,27.8,1170.0
2016-06-06,19.33,28.0,0.7194,27.82,3260.0,90686000.0,0.0,0.0,27.8,28.6,27.8,3260.0
2016-06-07,19.673,28.5,1.7857,27.97,3410.0,95380000.0,0.0,0.0,28.0,28.5,27.9,3410.0
2016-06-08,19.191,27.8,-2.4561,27.89,5290.0,147518000.0,0.0,0.0,28.1,28.1,27.8,5290.0
2016-06-09,19.191,27.8,0.0,27.77,7460.0,207152000.0,0.0,0.0,27.1,28.2,27.1,7460.0
2016-06-10,19.466,28.2,1.4388,27.85,650.0,18102000.0,0.0,0.0,27.8,28.2,27.8,650.0
2016-06-13,19.673,28.5,1.0638,27.86,3510.0,97772000.0,0.0,0.0,27.8,28.5,27.8,3510.0
2016-06-14,19.33,28.0,-1.7544,27.93,5160.0,144094000.0,0.0,0.0,27.7,28.4,27.6,5160.0
2016-06-15,19.33,28.0,0.0,28.0,9670.0,270760000.0,0.0,0.0,28.0,28.0,28.0,9670.0
2016-06-16,19.535,28.3,1.0714,28.14,7850.0,220871000.0,0.0,0.0,28.1,28.4,28.1,7850.0
2016-06-17,20.295,29.4,3.8869,29.64,25340.0,750986000.0,0.0,0.0,28.1,30.2,28.1,25340.0
2016-06-20,20.364,29.5,0.3401,29.8,28630.0,853279000.0,0.0,0.0,30.0,30.0,29.5,28630.0
2016-06-21,20.641,29.9,1.3559,29.92,4060.0,121477000.0,0.0,0.0,30.0,30.0,29.7,4060.0
2016-06-22,20.709,30.0,0.3344,29.77,34510.0,1027221000.0,0.0,0.0,29.7,30.0,29.5,34510.0
2016-06-23,21.261,30.8,2.6667,30.96,9910.0,306786000.0,0.0,0.0,30.1,31.4,30.1,9910.0
2016-06-24,21.398,31.0,0.6494,30.93,30420.0,940976000.0,0.0,0.0,30.9,31.5,30.7,30420.0
2016-06-27,21.95,31.8,2.5806,30.71,12220.0,375264000.0,0.0,0.0,30.9,31.9,30.2,12220.0
2016-06-28,21.468,31.1,-2.2013,31.32,4010.0,125603000.0,0.0,0.0,31.8,31.8,31.0,4010.0
2016-06-29,22.778,33.0,6.1093,32.71,19540.0,639200000.0,0.0,0.0,31.5,33.2,31.5,19540.0
2016-06-30,23.194,33.6,1.8182,33.2,7150.0,237388000.0,0.0,0.0,33.0,34.0,33.0,7150.0
2016-07-01,23.401,33.9,0.8929,33.89,8170.0,276866000.0,0.0,0.0,33.6,34.8,33.6,8170.0
2016-07-04,24.988,36.2,6.7847,35.84,14200.0,508871000.0,0.0,0.0,34.5,36.2,34.5,14200.0
2016-07-05,26.576,38.5,6.3536,38.58,45780.0,1766335000.0,0.0,0.0,38.5,38.7,38.0,45780.0
2016-07-06,26.576,38.5,0.0,38.68,24920.0,963951000.0,0.0,0.0,39.8,39.8,38.0,24920.0
2016-07-07,26.508,38.4,-0.2597,38.39,14280.0,548152000.0,0.0,0.0,39.0,39.0,38.0,14280.0
2016-07-08,25.541,37.0,-3.6458,36.82,9190.0,338389000.0,0.0,0.0,37.8,37.8,36.5,9190.0
2016-07-11,23.815,34.5,-6.7568,35.32,10690.0,377520000.0,0.0,0.0,36.8,38.5,34.5,10690.0
2016-07-12,22.917,33.2,-3.7681,33.0,28010.0,924387000.0,0.0,0.0,32.2,34.0,32.1,28010.0
2016-07-13,23.884,34.6,4.2169,33.92,29460.0,999209000.0,0.0,0.0,33.2,35.5,33.2,29460.0
2016-07-14,23.884,34.6,0.0,34.78,14420.0,501542000.0,0.0,0.0,36.8,36.8,34.6,14420.0
2016-07-15,23.884,34.6,0.0,33.14,7880.0,261130000.0,0.0,0.0,35.0,35.9,33.0,7880.0
2016-07-18,24.161,35.0,1.1561,34.75,4960.0,172381000.0,0.0,0.0,34.6,35.9,34.6,4960.0
2016-07-19,24.367,35.3,0.8571,35.22,5850.0,206063000.0,0.0,0.0,35.9,36.0,35.1,5850.0
2016-07-20,24.643,35.7,1.1331,35.54,15000.0,533124000.0,0.0,0.0,35.5,35.7,35.3,15000.0
2016-07-21,25.126,36.4,1.9608,35.96,6440.0,231571000.0,0.0,0.0,35.6,36.5,35.6,6440.0
2016-07-22,25.058,36.3,-0.2747,35.89,18650.0,669276000.0,0.0,0.0,36.4,36.4,35.6,18650.0
2016-07-25,25.196,36.5,0.551,35.86,2830.0,101480000.0,0.0,0.0,36.0,36.5,35.5,2830.0
2016-07-26,25.126,36.4,-0.274,35.87,6520.0,233885000.0,0.0,0.0,35.7,37.0,35.7,6520.0
2016-07-27,26.162,37.9,4.1209,37.21,15710.0,584584000.0,0.0,0.0,36.4,38.0,36.4,15710.0
2016-07-28,25.886,37.5,-1.0554,37.54,2980.0,111870000.0,0.0,0.0,37.9,37.9,37.5,2980.0
2016-07-29,26.162,37.9,1.0667,37.77,18960.0,716038000.0,0.0,0.0,38.4,38.4,37.6,18960.0
2016-08-01,26.231,38.0,0.2639,37.99,1090.0,41414000.0,0.0,0.0,37.9,38.6,37.9,1090.0
2016-08-02,26.162,37.9,-0.2632,37.92,470.0,17824000.0,0.0,0.0,38.0,38.0,37.9,470.0
2016-08-03,26.162,37.9,0.0,0.0,0.0,0.0,0.0,0.0,37.9,37.9,37.9,0.0
2016-08-04,25.472,36.9,-2.6385,36.51,5860.0,213945000.0,0.0,0.0,36.2,36.9,36.1,5860.0
2016-08-05,24.436,35.4,-4.065,35.67,12310.0,439095000.0,0.0,0.0,35.8,36.1,35.4,12310.0
2016-08-08,25.541,37.0,4.5198,36.58,31290.0,1144443000.0,0.0,0.0,35.1,37.1,35.1,31290.0
2016-08-09,25.472,36.9,-0.2703,36.85,6400.0,235835000.0,0.0,0.0,37.0,37.1,36.5,6400.0
2016-08-10,25.541,37.0,0.271,36.66,23860.0,874778000.0,0.0,0.0,37.9,37.9,36.5,23860.0
2016-08-11,25.748,37.3,0.8108,36.98,16230.0,600116000.0,0.0,0.0,36.7,37.9,36.7,16230.0
2016-08-12,25.748,37.3,0.0,37.17,710.0,26393000.0,0.0,0.0,37.7,37.7,37.0,710.0
2016-08-15,25.748,37.3,0.0,37.25,13750.0,512203000.0,0.0,0.0,37.3,37.5,37.2,13750.0
2016-08-16,25.541,37.0,-0.8043,37.1,8970.0,332823000.0,0.0,0.0,37.1,37.2,37.0,8970.0
2016-08-17,27.198,39.4,6.4865,38.64,77110.0,2979687000.0,0.0,0.0,37.1,39.5,37.0,77110.0
2016-08-18,26.576,38.5,-2.2843,39.05,34870.0,1361682000.0,0.0,0.0,39.4,39.5,38.5,34870.0
2016-08-19,26.714,38.7,0.5195,38.75,13460.0,521574000.0,0.0,0.0,38.5,38.9,38.5,13460.0
2016-08-22,28.37,41.1,6.2016,40.25,95500.0,3843638000.0,0.0,0.0,38.7,41.3,38.7,95500.0
2016-08-23,28.646,41.5,0.9732,41.46,23890.0,990553000.0,0.0,0.0,41.2,42.3,40.9,23890.0
2016-08-24,28.784,41.7,0.4819,41.31,6200.0,256141000.0,0.0,0.0,41.5,41.7,41.0,6200.0
2016-08-25,27.956,40.5,-2.8777,40.32,18910.0,762475000.0,0.0,0.0,41.0,41.5,40.0,18910.0
2016-08-26,29.544,42.8,5.679,42.17,68140.0,2873487000.0,0.0,0.0,40.5,42.9,40.5,68140.0
2016-08-29,28.991,42.0,-1.8692,42.52,11310.0,480940000.0,0.0,0.0,42.8,43.5,42.0,11310.0
2016-08-30,30.096,43.6,3.8095,43.0,15620.0,671594000.0,0.0,0.0,42.0,43.8,41.8,15620.0
2016-08-31,29.821,43.2,-0.9174,43.84,35120.0,1539751000.0,81580.0,3671100000.0,44.0,44.5,43.2,116700.0
2016-09-01,30.373,44.0,1.8519,43.88,28080.0,1232039000.0,0.0,0.0,41.7,44.3,41.7,28080.0
2016-09-05,32.029,46.4,5.4545,45.44,37990.0,1726366000.0,0.0,0.0,45.0,46.4,44.2,37990.0
2016-09-06,32.513,47.1,1.5086,46.81,34630.0,1621016000.0,0.0,0.0,46.7,48.0,46.0,34630.0
2016-09-07,32.099,46.5,-1.2739,47.21,17230.0,813410000.0,0.0,0.0,47.4,47.6,46.5,17230.0
2016-09-08,33.41,48.4,4.086,47.75,28160.0,1344741000.0,0.0,0.0,46.5,48.5,46.5,28160.0
2016-09-09,33.478,48.5,0.2066,48.35,14700.0,710802000.0,0.0,0.0,48.3,49.0,48.0,14700.0
2016-09-12,32.65,47.3,-2.4742,48.15,12770.0,614920000.0,0.0,0.0,48.5,49.7,47.3,12770.0
2016-09-13,31.616,45.8,-3.1712,46.27,41420.0,1916535000.0,0.0,0.0,46.5,47.0,45.7,41420.0
2016-09-14,32.513,47.1,2.8384,46.54,15020.0,699094000.0,0.0,0.0,45.5,47.3,45.5,15020.0
2016-09-15,32.306,46.8,-0.6369,47.01,7120.0,334721000.0,0.0,0.0,46.5,47.3,46.5,7120.0
2016-09-16,33.133,48.0,2.5641,47.9,40970.0,1962274500.0,0.0,0.0,46.5,48.5,46.5,40970.0
2016-09-19,33.272,48.2,0.4167,48.52,21600.0,1048041000.0,0.0,0.0,49.0,49.0,48.0,21600.0
2016-09-20,32.581,47.2,-2.0747,47.78,10660.0,509309000.0,0.0,0.0,48.7,48.7,47.2,10660.0
2016-09-21,32.581,47.2,0.0,47.13,15050.0,709250000.0,0.0,0.0,47.8,47.8,47.0,15050.0
2016-09-22,33.41,48.4,2.5424,48.15,24570.0,1183087000.0,0.0,0.0,47.2,48.6,47.2,24570.0
2016-09-23,33.272,48.2,-0.4132,48.34,8210.0,396841000.0,0.0,0.0,48.4,48.7,47.5,8210.0
2016-09-26,34.099,49.4,2.4896,49.12,28120.0,1381241000.0,0.0,0.0,48.2,49.5,48.2,28120.0
2016-09-27,35.894,52.0,5.2632,50.91,33640.0,1712457000.0,0.0,0.0,49.4,52.8,49.4,33640.0
2016-09-28,38.103,55.2,6.1538,54.92,51000.0,2801062000.0,0.0,0.0,52.0,55.4,52.0,51000.0
2016-09-29,37.275,54.0,-2.1739,55.34,38510.0,2131179000.0,0.0,0.0,54.0,56.9,54.0,38510.0
2016-09-30,36.653,53.1,-1.6667,53.5,12290.0,657507000.0,0.0,0.0,55.0,55.0,53.1,12290.0
2016-10-03,36.723,53.2,0.1883,53.09,10780.0,572276000.0,0.0,0.0,53.1,54.4,53.0,10780.0
2016-10-04,37.205,53.9,1.3158,53.99,14180.0,765616000.0,0.0,0.0,53.2,54.5,53.2,14180.0
2016-10-05,36.584,53.0,-1.6698,53.49,4580.0,244973000.0,0.0,0.0,54.6,54.8,53.0,4580.0
2016-10-06,37.484,54.3,2.4528,53.99,14560.0,786039000.0,0.0,0.0,53.3,54.3,53.3,14560.0
2016-10-07,37.205,53.9,-0.7366,53.23,22310.0,1187647000.0,0.0,0.0,54.3,54.5,53.0,22310.0
2016-10-10,36.584,53.0,-1.6698,53.47,9730.0,520252000.0,0.0,0.0,53.1,54.5,52.9,9730.0
2016-10-11,36.584,53.0,0.0,51.35,27170.0,1395302000.0,0.0,0.0,53.0,53.0,49.5,27170.0
2016-10-12,35.55,51.5,-2.8302,51.786,16890.0,874667000.0,0.0,0.0,53.6,53.6,51.0,16890.0
2016-10-13,36.584,53.0,2.9126,52.51,6400.0,336038000.0,0.0,0.0,52.5,53.0,52.0,6400.0
2016-10-14,36.86,53.4,0.7547,53.52,29220.0,1563820000.0,0.0,0.0,53.5,54.5,53.3,29220.0
2016-10-17,36.793,53.3,-0.1873,53.28,3230.0,172106000.0,0.0,0.0,54.0,54.0,53.0,3230.0
2016-10-18,36.584,53.0,-0.5629,53.0,8690.0,460555000.0,0.0,0.0,53.2,53.2,52.5,8690.0
2016-10-19,35.894,52.0,-1.8868,51.97,7560.0,392860000.0,0.0,0.0,53.0,53.1,50.5,7560.0
2016-10-20,36.102,52.3,0.5769,51.7,18720.0,967858000.0,0.0,0.0,52.3,52.4,51.5,18720.0
2016-10-21,35.55,51.5,-1.5296,51.3,5270.0,270340000.0,0.0,0.0,51.0,52.0,51.0,5270.0
2016-10-24,34.514,50.0,-2.9126,50.12,18140.0,909092000.0,0.0,0.0,50.7,51.5,48.6,18140.0
2016-10-25,32.099,46.5,-7.0,47.18,26920.0,1269955000.0,0.0,0.0,49.0,49.0,46.5,26920.0
2016-10-26,31.062,45.0,-3.2258,44.02,51180.0,2252734000.0,0.0,0.0,45.1,45.7,43.4,51180.0
2016-10-27,31.752,46.0,2.2222,47.29,10000.0,472923500.0,0.0,0.0,47.8,48.0,45.75,10000.0
2016-10-28,32.168,46.6,1.3043,46.47,6070.0,282059500.0,0.0,0.0,46.0,46.7,46.0,6070.0
2016-10-31,31.545,45.7,-1.9313,45.26,19270.0,872095000.0,0.0,0.0,46.6,46.6,45.0,19270.0
2016-11-01,30.373,44.0,-3.7199,43.96,31390.0,1380042000.0,0.0,0.0,44.5,45.0,42.8,31390.0
2016-11-02,31.41,45.5,3.4091,45.33,36510.0,1655008000.0,0.0,0.0,44.0,45.7,44.0,36510.0
2016-11-03,30.718,44.5,-2.1978,44.58,12750.0,568344000.0,56480.0,2485120000.0,45.0,46.0,43.7,69230.0
2016-11-04,31.202,45.2,1.573,44.49,2230.0,99220000.0,0.0,0.0,45.0,45.5,44.3,2230.0
2016-11-07,32.099,46.5,2.8761,45.81,11940.0,546940000.0,0.0,0.0,45.5,47.3,45.3,11940.0
2016-11-08,32.443,47.0,1.0753,47.0,11330.0,532491000.0,52000.0,2418000000.0,46.95,47.5,46.5,63330.0
2016-11-09,32.099,46.5,-1.0638,45.45,16960.0,770893000.0,0.0,0.0,47.4,47.4,44.6,16960.0
2016-11-10,32.409,46.95,0.9677,46.44,4170.0,193656000.0,0.0,0.0,48.0,48.0,46.0,4170.0
2016-11-11,30.512,44.2,-5.8573,44.86,35600.0,1597054000.0,0.0,0.0,46.1,47.0,44.2,35600.0
2016-11-14,31.41,45.5,2.9412,44.25,8200.0,362855500.0,0.0,0.0,44.2,45.5,44.0,8200.0
2016-11-15,31.41,45.5,0.0,44.22,6940.0,306882500.0,0.0,0.0,44.1,45.5,44.1,6940.0
2016-11-16,31.41,45.5,0.0,45.52,260.0,11835000.0,0.0,0.0,45.5,46.0,45.5,260.0
2016-11-17,31.305,45.35,-0.3297,44.02,960.0,42256000.0,0.0,0.0,44.05,45.35,44.0,960.0
2016-11-18,31.062,45.0,-0.7718,44.26,140.0,6196000.0,0.0,0.0,44.2,45.0,44.2,140.0
2016-11-21,30.924,44.8,-0.4444,44.94,8750.0,393248000.0,0.0,0.0,45.0,45.0,44.55,8750.0
2016-11-22,29.995,42.0,-3.0023,43.26,10030.0,433876000.0,0.0,0.0,43.9,44.8,42.0,10030.0
2016-11-23,29.71,41.6,-0.9524,41.91,2820.0,118176000.0,0.0,0.0,43.0,43.1,41.6,2820.0
2016-11-24,29.64,41.5,-0.2404,41.75,4910.0,204999000.0,0.0,0.0,44.4,44.4,40.1,4910.0
2016-11-25,29.605,41.45,-0.1205,40.13,10180.0,408506500.0,0.0,0.0,41.0,43.0,39.3,10180.0
2016-11-28,29.995,42.0,1.3269,42.0,60.0,2520000.0,0.0,0.0,42.0,42.0,42.0,60.0
2016-11-29,27.924,39.1,-6.9048,39.63,6690.0,265153000.0,0.0,0.0,42.0,42.0,39.1,6690.0
2016-11-30,26.497,37.1,-5.1151,36.52,122430.0,4471187000.0,0.0,0.0,38.0,40.5,36.4,122430.0
2016-12-01,26.213,36.7,-1.0782,36.8,10300.0,379009000.0,0.0,0.0,37.1,38.0,36.5,10300.0
2016-12-02,26.711,37.4,1.9074,36.36,6190.0,225063500.0,0.0,0.0,36.4,37.5,35.8,6190.0
2016-12-05,26.566,37.2,-0.5348,37.29,19290.0,719368500.0,0.0,0.0,38.0,38.0,37.0,19290.0
2016-12-06,25.711,36.0,-3.2258,36.16,2840.0,102694000.0,0.0,0.0,36.5,36.8,36.0,2840.0
2016-12-07,26.427,37.0,2.7778,36.54,5740.0,209748000.0,0.0,0.0,36.0,37.35,36.0,5740.0
2016-12-08,26.639,37.3,0.8108,37.06,1490.0,55215000.0,0.0,0.0,37.5,37.5,37.0,1490.0
2016-12-09,26.213,36.7,-1.6086,36.31,13700.0,497422000.0,0.0,0.0,37.2,37.2,36.1,13700.0
2016-12-12,26.069,36.5,-0.545,35.39,7730.0,273540500.0,0.0,0.0,37.15,37.15,35.0,7730.0
2016-12-13,24.247,33.95,-6.9863,34.02,74390.0,2530761000.0,0.0,0.0,36.95,36.95,33.95,74390.0
2016-12-14,24.927,34.9,2.7982,33.29,21130.0,703412500.0,0.0,0.0,35.95,35.95,32.0,21130.0
2016-12-15,24.996,35.0,0.2865,34.94,6400.0,223646500.0,0.0,0.0,34.9,35.9,34.9,6400.0
2016-12-16,24.996,35.0,0.0,34.54,3190.0,110192500.0,0.0,0.0,34.9,35.85,34.0,3190.0
2016-12-19,24.996,35.0,0.0,34.82,14700.0,511887500.0,0.0,0.0,35.85,35.85,34.0,14700.0
2016-12-20,24.284,34.0,-2.8571,34.81,6710.0,233551000.0,0.0,0.0,35.95,35.95,34.0,6710.0
2016-12-21,24.961,34.95,2.7941,34.14,90.0,3073000.0,0.0,0.0,34.95,34.95,33.5,90.0
2016-12-22,24.14,33.8,-3.2904,33.98,11860.0,402994000.0,0.0,0.0,35.05,35.2,33.8,11860.0
2016-12-23,24.605,34.45,1.9231,34.01,3540.0,120398500.0,0.0,0.0,34.5,34.5,33.8,3540.0
2016-12-26,24.64,34.5,0.1451,34.27,30.0,1028000.0,0.0,0.0,34.5,34.5,33.8,30.0
2016-12-27,23.996,33.6,-2.6087,33.88,1830.0,62004000.0,0.0,0.0,35.45,35.5,33.6,1830.0
2016-12-28,24.605,34.45,2.5298,33.83,3990.0,134982500.0,0.0,0.0,34.5,34.5,33.7,3990.0
2016-12-29,24.996,35.0,1.5965,34.48,1050.0,36204000.0,0.0,0.0,34.5,36.5,33.8,1050.0
2016-12-30,24.855,34.8,-0.5714,34.2,2910.0,99517000.0,0.0,0.0,34.0,34.85,33.8,2910.0
2017-01-03,24.996,35.0,0.5747,34.73,1820.0,63206000.0,0.0,0.0,35.8,35.8,34.5,1820.0
2017-01-04,24.746,34.65,-1.0,35.19,6380.0,224503000.0,0.0,0.0,34.25,36.0,34.25,6380.0
2017-01-05,25.426,35.6,2.7417,35.14,590.0,20733000.0,0.0,0.0,35.0,36.0,34.5,590.0
2017-01-06,25.854,36.2,1.6854,35.95,7460.0,268197500.0,0.0,0.0,35.5,36.5,35.5,7460.0
2017-01-09,25.997,36.4,0.5525,36.09,4830.0,174336500.0,0.0,0.0,36.2,36.8,36.0,4830.0
2017-01-10,26.282,36.8,1.0989,36.66,5300.0,194298000.0,0.0,0.0,36.8,36.9,36.2,5300.0
2017-01-11,26.282,36.8,0.0,36.33,7770.0,282303000.0,0.0,0.0,36.8,37.45,36.0,7770.0
2017-01-12,26.711,37.4,1.6304,36.81,5540.0,203951000.0,0.0,0.0,36.8,37.4,36.7,5540.0
2017-01-13,27.356,38.3,2.4064,37.72,5400.0,203666000.0,0.0,0.0,37.4,38.5,37.0,5400.0
2017-01-16,27.139,38.0,-0.7833,37.68,11580.0,436307000.0,0.0,0.0,39.2,39.5,37.0,11580.0
2017-01-17,25.246,35.35,-6.9737,35.49,31810.0,1128850000.0,0.0,0.0,36.1,36.5,35.35,31810.0
2017-01-18,24.568,34.4,-2.6874,35.04,30610.0,1072531000.0,0.0,0.0,34.0,36.0,34.0,30610.0
2017-01-19,24.927,34.9,1.4535,34.93,13060.0,456228000.0,0.0,0.0,34.6,36.5,34.6,13060.0
2017-01-20,25.568,35.8,2.5788,35.47,5370.0,190479000.0,0.0,0.0,35.8,35.8,35.2,5370.0
2017-01-23,25.926,36.3,1.3966,35.38,15170.0,536719000.0,0.0,0.0,36.0,36.5,35.0,15170.0
2017-01-24,25.033,35.05,-3.4435,35.22,14960.0,526911000.0,0.0,0.0,36.0,36.0,34.9,14960.0
2017-01-25,26.282,36.8,4.9929,36.18,2530.0,91547500.0,0.0,0.0,36.0,36.8,36.0,2530.0
2017-02-02,26.248,36.75,-0.1359,35.44,13990.0,495792000.0,0.0,0.0,36.5,36.75,35.0,13990.0
2017-02-03,25.675,35.95,-2.1769,35.17,11390.0,400539000.0,0.0,0.0,36.5,36.65,35.0,11390.0
2017-02-06,25.426,35.6,-0.9736,35.37,5200.0,183912500.0,0.0,0.0,36.0,36.0,35.1,5200.0
2017-02-07,25.926,36.3,1.9663,35.28,23210.0,818919000.0,0.0,0.0,35.6,36.3,35.0,23210.0
2017-02-08,25.284,35.4,-2.4793,35.44,1130.0,40042000.0,0.0,0.0,35.6,35.6,35.2,1130.0
2017-02-09,25.854,36.2,2.2599,35.69,7990.0,285154000.0,0.0,0.0,35.6,36.2,35.05,7990.0
2017-02-10,25.354,35.5,-1.9337,35.45,3580.0,126921500.0,0.0,0.0,36.0,36.0,35.3,3580.0
2017-02-13,25.711,36.0,1.4085,35.61,6460.0,230030500.0,0.0,0.0,36.0,36.0,35.3,6460.0
2017-02-14,25.461,35.65,-0.9722,35.28,13000.0,458602000.0,0.0,0.0,36.0,36.0,35.2,13000.0
2017-02-15,25.498,35.7,0.1403,35.52,2030.0,72113000.0,0.0,0.0,35.2,35.7,35.2,2030.0
2017-02-16,25.639,35.9,0.5602,36.14,11070.0,400081000.0,0.0,0.0,35.9,36.5,35.9,11070.0
2017-02-17,24.855,34.8,-3.0641,35.24,5190.0,182877000.0,0.0,0.0,36.5,36.5,34.5,5190.0
2017-02-20,24.855,34.8,0.0,34.86,8790.0,306432500.0,0.0,0.0,35.9,35.9,34.7,8790.0
2017-02-21,25.711,36.0,3.4483,35.78,6500.0,232596000.0,0.0,0.0,35.0,36.4,35.0,6500.0
2017-02-22,25.711,36.0,0.0,35.99,5810.0,209117000.0,0.0,0.0,36.0,36.0,35.9,5810.0
2017-02-23,25.211,35.3,-1.9444,35.39,2540.0,89900000.0,0.0,0.0,36.0,36.0,35.3,2540.0
2017-02-24,25.498,35.7,1.1331,36.06,25250.0,910594500.0,0.0,0.0,35.3,37.0,35.3,25250.0
2017-02-27,26.566,37.2,4.2017,36.87,9630.0,355034000.0,0.0,0.0,36.3,37.5,36.3,9630.0
2017-02-28,26.817,37.55,0.9409,37.3,2210.0,82426000.0,0.0,0.0,37.2,37.75,36.55,2210.0
2017-03-01,26.282,36.8,-1.9973,36.92,10580.0,390624500.0,0.0,0.0,37.4,37.55,36.5,10580.0
2017-03-02,26.353,36.9,0.2717,36.8,5100.0,187678500.0,0.0,0.0,37.35,37.35,36.65,5100.0
2017-03-03,26.282,36.8,-0.271,36.8,980.0,36060000.0,0.0,0.0,36.0,37.0,36.0,980.0
2017-03-06,26.14,36.6,-0.5435,36.63,5180.0,189725000.0,0.0,0.0,36.5,36.8,36.5,5180.0
2017-03-07,26.213,36.7,0.2732,36.08,5250.0,189439000.0,0.0,0.0,36.3,36.7,36.0,5250.0
2017-03-08,26.069,36.5,-0.545,36.2,6570.0,237810000.0,0.0,0.0,37.0,37.0,36.0,6570.0
2017-03-09,25.997,36.4,-0.274,36.07,4990.0,179966000.0,0.0,0.0,36.1,36.4,36.0,4990.0
2017-03-10,25.997,36.4,0.0,36.03,4840.0,174384000.0,0.0,0.0,36.4,36.4,36.0,4840.0
2017-03-13,26.711,37.4,2.7473,36.37,17580.0,639359000.0,0.0,0.0,36.4,37.4,36.0,17580.0
2017-03-14,26.711,37.4,0.0,37.5,6250.0,234373000.0,0.0,0.0,37.5,37.7,37.4,6250.0
2017-03-15,26.069,36.5,-2.4064,36.95,2930.0,108258000.0,0.0,0.0,36.5,37.4,36.5,2930.0
2017-03-16,26.427,37.0,1.3699,36.77,2130.0,78326000.0,0.0,0.0,37.5,37.5,36.2,2130.0
2017-03-17,26.213,36.7,-0.8108,36.4,3710.0,135055000.0,0.0,0.0,37.0,37.0,36.0,3710.0
2017-03-20,26.427,37.0,0.8174,36.06,9020.0,325240000.0,0.0,0.0,37.5,37.5,36.0,9020.0
2017-03-21,25.711,36.0,-2.7027,36.2,5960.0,215764000.0,0.0,0.0,36.5,36.9,36.0,5960.0
2017-03-22,26.069,36.5,1.3889,36.02,12550.0,452020000.0,0.0,0.0,36.5,36.5,36.0,12550.0
2017-03-23,26.069,36.5,0.0,36.05,5250.0,189249000.0,0.0,0.0,36.35,36.5,36.0,5250.0
2017-03-24,25.926,36.3,-0.5479,36.5,9120.0,332902500.0,0.0,0.0,37.2,37.2,36.05,9120.0
2017-03-27,26.711,37.4,3.0303,37.4,10.0,374000.0,0.0,0.0,37.4,37.4,37.4,10.0
2017-03-28,26.782,37.5,0.2674,37.41,2980.0,111482000.0,0.0,0.0,37.0,39.0,37.0,2980.0
2017-03-29,26.566,37.2,-0.8,36.09,2170.0,78305000.0,0.0,0.0,37.4,37.4,36.0,2170.0
2017-03-30,26.785,37.0,0.8174,37.0,30.0,1110000.0,0.0,0.0,37.0,37.0,37.0,30.0
2017-03-31,26.713,36.9,-0.2703,36.49,3470.0,126603000.0,0.0,0.0,36.2,36.9,36.2,3470.0
2017-04-03,26.749,36.95,0.1355,36.0,7330.0,263886000.0,0.0,0.0,36.75,36.95,35.8,7330.0
2017-04-04,26.64,36.8,-0.406,36.1,6080.0,219497000.0,0.0,0.0,36.8,36.9,36.0,6080.0
2017-04-05,26.061,36.0,-2.1739,36.52,11490.0,419613000.0,0.0,0.0,36.9,36.9,36.0,11490.0
2017-04-07,26.785,37.0,2.7778,37.0,40.0,1480000.0,0.0,0.0,37.0,37.0,37.0,40.0
2017-04-10,26.061,36.0,-2.7027,36.05,970.0,34970000.0,0.0,0.0,37.0,37.0,36.0,970.0
2017-04-11,26.604,36.75,2.0833,36.0,9980.0,359295000.0,0.0,0.0,36.0,36.75,36.0,9980.0
2017-04-12,26.749,36.95,0.5442,36.95,10.0,369500.0,0.0,0.0,36.95,36.95,36.95,10.0
2017-04-13,26.388,36.45,-1.3532,36.01,8420.0,303243000.0,0.0,0.0,36.0,36.85,36.0,8420.0
2017-04-14,26.424,36.5,0.1372,36.12,2240.0,80899500.0,0.0,0.0,36.0,36.95,36.0,2240.0
2017-04-17,26.424,36.5,0.0,36.5,6430.0,234674500.0,0.0,0.0,36.95,36.95,36.0,6430.0
2017-04-18,26.424,36.5,0.0,0.0,0.0,0.0,0.0,0.0,36.5,36.5,36.5,0.0
2017-04-19,26.424,36.5,0.0,36.1,9710.0,350521000.0,0.0,0.0,36.5,36.5,36.0,9710.0
2017-04-20,26.279,36.3,-0.5479,36.23,2920.0,105778000.0,0.0,0.0,36.0,36.5,36.0,2920.0
2017-04-21,26.424,36.5,0.551,36.18,9480.0,342955000.0,0.0,0.0,34.2,36.5,34.2,9480.0
2017-04-24,26.424,36.5,0.0,36.39,1700.0,61856000.0,0.0,0.0,36.0,36.6,36.0,1700.0
2017-04-25,26.351,36.4,-0.274,36.04,550.0,19820000.0,0.0,0.0,36.0,36.4,36.0,550.0
2017-04-26,26.496,36.6,0.5495,36.45,5950.0,216900000.0,0.0,0.0,36.4,37.0,36.4,5950.0
2017-04-27,26.496,36.6,0.0,36.6,2100.0,76860000.0,0.0,0.0,36.6,36.6,36.6,2100.0
2017-04-28,26.785,37.0,1.0929,36.7,1100.0,40372000.0,0.0,0.0,35.0,37.0,35.0,1100.0
2017-05-03,26.785,37.0,0.0,36.38,13750.0,500219000.0,0.0,0.0,36.5,37.0,36.0,13750.0
2017-05-04,26.351,36.4,-1.6216,36.62,1860.0,68113000.0,0.0,0.0,36.9,36.9,36.3,1860.0
2017-05-05,26.713,36.9,1.3736,36.51,8240.0,300820500.0,0.0,0.0,37.0,37.0,36.3,8240.0
2017-05-08,26.64,36.8,-0.271,36.34,3980.0,144623000.0,0.0,0.0,37.4,37.4,36.0,3980.0
2017-05-09,26.713,36.9,0.2717,36.73,1180.0,43340000.0,0.0,0.0,36.9,36.9,36.3,1180.0
2017-05-10,26.64,36.8,-0.271,36.45,8220.0,299618000.0,0.0,0.0,36.0,37.0,36.0,8220.0
2017-05-11,26.64,36.8,0.0,36.56,1220.0,44598000.0,0.0,0.0,37.0,37.0,36.5,1220.0
2017-05-12,26.206,36.2,-1.6304,36.15,940.0,33981000.0,0.0,0.0,36.1,36.8,36.1,940.0
2017-05-15,26.785,37.0,2.2099,37.0,10.0,370000.0,0.0,0.0,37.0,37.0,37.0,10.0
2017-05-16,26.566,36.7,-0.8108,36.49,3210.0,117117000.0,0.0,0.0,36.0,36.8,36.0,3210.0
2017-05-17,26.566,36.7,0.0,36.03,3680.0,132587500.0,0.0,0.0,36.9,36.9,36.0,3680.0
2017-05-18,26.496,36.6,-0.2725,36.25,6550.0,237435000.0,0.0,0.0,36.9,36.9,36.0,6550.0
2017-05-19,26.061,36.0,-1.6393,36.02,2140.0,77090000.0,0.0,0.0,36.5,36.5,36.0,2140.0
2017-05-22,26.566,36.7,1.9444,36.42,960.0,34965500.0,0.0,0.0,36.5,37.4,36.0,960.0
2017-05-23,26.566,36.7,0.0,36.62,7020.0,257041500.0,0.0,0.0,37.0,37.0,36.25,7020.0
2017-05-24,26.64,36.8,0.2725,36.598,570.0,20861000.0,0.0,0.0,36.6,36.8,36.3,570.0
2017-05-25,26.604,36.75,-0.1359,36.73,4490.0,164909000.0,0.0,0.0,36.95,37.95,36.2,4490.0
2017-05-26,26.713,36.9,0.4082,36.46,11240.0,409822000.0,0.0,0.0,36.05,37.0,34.5,11240.0
2017-05-29,28.559,39.45,6.9106,38.17,23950.0,914132000.0,0.0,0.0,37.0,39.45,37.0,23950.0
2017-05-30,30.333,41.9,6.2104,41.56,16290.0,676984000.0,0.0,0.0,40.0,42.0,40.0,16290.0
2017-05-31,30.767,42.5,1.432,42.12,5120.0,215654000.0,0.0,0.0,42.9,42.9,41.8,5120.0
2017-06-01,29.68,41.0,-3.5294,40.67,9780.0,397791000.0,0.0,0.0,42.7,42.7,40.0,9780.0
2017-06-02,29.68,41.0,0.0,40.85,1680.0,68623000.0,0.0,0.0,41.8,41.8,40.5,1680.0
2017-06-05,29.68,41.0,0.0,41.05,3920.0,160902000.0,0.0,0.0,42.0,42.0,41.0,3920.0
2017-06-06,29.68,41.0,0.0,40.66,10580.0,430199000.0,0.0,0.0,40.8,41.0,40.0,10580.0
2017-06-07,29.608,40.9,-0.2439,40.94,3470.0,142065000.0,0.0,0.0,41.5,41.5,40.4,3470.0
2017-06-08,29.464,40.7,-0.489,40.69,15150.0,616378000.0,0.0,0.0,40.5,41.0,40.3,15150.0
2017-06-09,30.694,42.4,4.1769,41.77,24750.0,1033776000.0,0.0,0.0,41.0,42.7,41.0,24750.0
2017-06-12,32.215,44.5,4.9528,43.89,27200.0,1193779000.0,0.0,0.0,45.0,45.0,42.5,27200.0
2017-06-13,31.851,44.0,-1.1236,44.26,8040.0,355847000.0,0.0,0.0,44.9,44.9,43.5,8040.0
2017-06-14,32.215,44.5,1.1364,44.43,3800.0,168831000.0,0.0,0.0,44.5,44.5,44.2,3800.0
2017-06-15,32.36,44.7,0.4494,44.41,1840.0,81709000.0,0.0,0.0,44.9,44.9,44.0,1840.0
2017-06-16,32.215,44.5,-0.4474,44.6,3010.0,134245000.0,90000.0,4050000000.0,44.7,44.7,44.5,93010.0
2017-06-19,32.215,44.5,0.0,44.33,7430.0,329340000.0,0.0,0.0,44.5,44.5,43.7,7430.0
2017-06-20,31.563,43.6,-2.0225,43.59,8980.0,391456000.0,0.0,0.0,43.0,44.3,43.0,8980.0
2017-06-21,31.563,43.6,0.0,43.6,4910.0,214052000.0,0.0,0.0,43.6,43.6,43.5,4910.0
2017-06-22,31.057,42.9,-1.6055,43.0,5070.0,217990000.0,0.0,0.0,44.4,44.4,42.9,5070.0
2017-06-23,31.418,43.4,1.1655,42.94,13040.0,559957000.0,0.0,0.0,43.0,43.8,42.9,13040.0
2017-06-26,31.783,43.9,1.1521,43.44,5320.0,231103000.0,0.0,0.0,44.3,44.3,42.7,5320.0
2017-06-27,31.129,43.0,-2.0501,43.14,11980.0,516785500.0,0.0,0.0,43.8,43.8,42.6,11980.0
2017-06-28,31.708,43.8,1.8605,43.29,3860.0,167112000.0,0.0,0.0,43.1,43.8,43.1,3860.0
2017-06-29,31.708,43.8,0.0,43.39,6830.0,296363000.0,0.0,0.0,43.8,43.8,43.0,6830.0
2017-06-30,31.851,44.0,0.4566,43.83,7420.0,325236000.0,0.0,0.0,43.8,44.0,43.8,7420.0
2017-07-03,31.708,43.8,-0.4545,43.16,8350.0,360399000.0,0.0,0.0,43.9,43.9,43.0,8350.0
2017-07-04,31.708,43.8,0.0,43.07,14770.0,636157000.0,0.0,0.0,43.2,43.8,43.0,14770.0
2017-07-05,32.07,44.3,1.1416,44.17,1120.0,49466000.0,0.0,0.0,44.0,44.3,44.0,1120.0
2017-07-06,31.925,44.1,-0.4515,44.16,1810.0,79926000.0,0.0,0.0,44.25,44.25,44.1,1810.0
2017-07-07,32.07,44.3,0.4535,44.3,3390.0,150175000.0,0.0,0.0,44.3,44.4,43.3,3390.0
2017-07-10,31.851,44.0,-0.6772,43.48,3070.0,133469000.0,0.0,0.0,44.3,44.3,43.1,3070.0
2017-07-11,31.925,44.1,0.2273,44.49,4890.0,217569000.0,0.0,0.0,44.9,44.9,44.1,4890.0
2017-07-12,31.851,44.0,-0.2268,44.14,1230.0,54297000.0,0.0,0.0,44.4,44.4,44.0,1230.0
2017-07-13,31.998,44.2,0.4545,44.07,6120.0,269710000.0,0.0,0.0,44.8,44.8,44.0,6120.0
2017-07-14,32.432,44.8,1.3575,44.78,1110.0,49711000.0,0.0,0.0,45.6,45.6,44.7,1110.0
2017-07-17,31.998,44.2,-1.3393,44.57,1130.0,50361000.0,0.0,0.0,45.5,45.5,44.2,1130.0
2017-07-18,31.851,44.0,-0.4525,42.79,1700.0,72746000.0,0.0,0.0,44.2,45.4,42.2,1700.0
2017-07-19,32.215,44.5,1.1364,43.75,6270.0,274318000.0,0.0,0.0,43.0,44.7,42.0,6270.0
2017-07-20,31.998,44.2,-0.6742,43.22,2120.0,91623500.0,0.0,0.0,44.5,44.5,42.15,2120.0
2017-07-21,32.215,44.5,0.6787,43.74,9730.0,425556000.0,0.0,0.0,44.2,47.0,43.4,9730.0
2017-07-24,32.505,44.9,0.8989,43.67,3880.0,169422000.0,0.0,0.0,44.5,44.9,43.0,3880.0
2017-07-25,32.288,44.6,-0.6682,44.38,2390.0,106076000.0,0.0,0.0,44.5,44.6,44.0,2390.0
2017-07-26,31.129,43.0,-3.5874,41.9,44160.0,1850185000.0,0.0,0.0,44.0,44.3,41.5,44160.0
2017-07-27,31.129,43.0,0.0,43.0,10.0,430000.0,0.0,0.0,43.0,43.0,43.0,10.0
2017-07-28,31.925,44.1,2.5581,43.27,1060.0,45869000.0,0.0,0.0,42.0,44.1,41.5,1060.0
2017-07-31,31.783,43.9,-0.4535,43.9,30.0,1317000.0,0.0,0.0,43.9,43.9,43.9,30.0
2017-08-01,31.129,43.0,-2.0501,42.35,3890.0,164724000.0,0.0,0.0,42.0,43.0,41.8,3890.0
2017-08-02,30.767,42.5,-1.1628,42.37,1240.0,52539000.0,0.0,0.0,42.8,42.8,42.0,1240.0
2017-08-03,30.405,42.0,-1.1765,42.13,2980.0,125541000.0,0.0,0.0,42.5,42.8,41.9,2980.0
2017-08-04,30.405,42.0,0.0,42.21,1510.0,63735000.0,0.0,0.0,42.2,42.5,42.0,1510.0
2017-08-07,30.333,41.9,-0.2381,42.27,6270.0,265027000.0,0.0,0.0,42.5,42.5,41.9,6270.0
2017-08-08,30.985,42.8,2.148,42.22,1020.0,43068000.0,0.0,0.0,43.0,43.0,42.0,1020.0
2017-08-09,29.68,41.0,-4.2056,41.65,6860.0,285690000.0,0.0,0.0,43.0,43.0,41.0,6860.0
2017-08-10,29.97,41.4,0.9756,41.5,5790.0,240258000.0,0.0,0.0,42.5,42.5,41.0,5790.0
2017-08-11,30.044,41.5,0.2415,41.47,6160.0,255470500.0,0.0,0.0,42.5,42.5,41.0,6160.0
2017-08-14,30.694,42.4,2.1687,42.4,660.0,27985000.0,0.0,0.0,42.5,42.5,42.4,660.0
2017-08-15,30.55,42.2,-0.4717,42.07,2020.0,84988000.0,0.0,0.0,42.0,42.4,41.8,2020.0
2017-08-16,30.261,41.8,-0.9479,42.09,2010.0,84598000.0,0.0,0.0,42.2,42.2,41.8,2010.0
2017-08-17,29.828,41.2,-1.4354,41.44,3050.0,126394000.0,0.0,0.0,42.2,42.2,40.1,3050.0
2017-08-18,30.044,41.5,0.7282,41.5,1010.0,41920000.0,0.0,0.0,42.0,42.0,41.5,1010.0
2017-08-21,30.044,41.5,0.0,41.09,7860.0,322938000.0,0.0,0.0,39.7,42.2,39.7,7860.0
2017-08-22,30.044,41.5,0.0,41.63,1160.0,48296500.0,0.0,0.0,42.15,42.15,41.5,1160.0
2017-08-23,30.044,41.5,0.0,41.6,1000.0,41600000.0,0.0,0.0,41.7,41.7,41.5,1000.0
2017-08-24,29.68,41.0,-1.2048,41.0,3300.0,135309500.0,0.0,0.0,41.05,41.45,41.0,3300.0
2017-08-25,29.645,40.95,-0.122,40.12,32320.0,1296635000.0,0.0,0.0,42.0,42.0,40.05,32320.0
2017-08-28,29.537,40.8,-0.3663,40.14,33530.0,1346020000.0,0.0,0.0,40.95,40.95,40.05,33530.0
2017-08-29,30.044,41.5,1.7157,40.2,33090.0,1330259500.0,0.0,0.0,42.0,42.45,40.1,33090.0
2017-08-30,29.97,41.4,-0.241,41.02,5280.0,216582000.0,0.0,0.0,41.0,42.45,40.7,5280.0
2017-08-31,29.537,40.8,-1.4493,40.66,16110.0,655043000.0,0.0,0.0,42.2,42.2,40.6,16110.0
2017-09-01,30.044,41.5,1.7157,41.3,18960.0,783110000.0,0.0,0.0,41.55,41.6,41.0,18960.0
2017-09-05,30.333,41.9,0.9639,41.43,3160.0,130912000.0,34000.0,1363400000.0,41.2,42.0,41.2,37160.0
2017-09-06,29.898,41.3,-1.432,41.44,3020.0,125139000.0,34000.0,1377000000.0,42.0,42.0,41.3,37020.0
2017-09-07,29.898,41.3,0.0,41.66,3370.0,140385000.0,34000.0,1360000000.0,42.0,44.0,41.3,37370.0
2017-09-08,31.129,43.0,4.1162,43.0,1210.0,52030000.0,32000.0,1280000000.0,43.0,43.0,43.0,33210.0
2017-09-11,30.114,41.6,-3.2558,41.54,13180.0,547536000.0,0.0,0.0,43.2,43.2,41.3,13180.0
2017-09-12,30.114,41.6,0.0,42.02,750.0,31514000.0,34000.0,1366800000.0,43.0,43.0,41.6,34750.0
2017-09-13,30.333,41.9,0.7212,41.68,620.0,25839000.0,29000.0,1165800000.0,43.0,43.0,41.6,29620.0
2017-09-14,30.767,42.5,1.432,41.48,27790.0,1152703000.0,0.0,0.0,42.5,42.5,41.2,27790.0
2017-09-15,30.767,42.5,0.0,0.0,0.0,0.0,0.0,0.0,42.5,42.5,42.5,0.0
2017-09-18,30.694,42.4,-0.2353,42.05,5670.0,238441000.0,0.0,0.0,42.5,43.0,41.5,5670.0
2017-09-19,30.405,42.0,-0.9434,41.75,4210.0,175785000.0,0.0,0.0,42.4,42.4,41.2,4210.0
2017-09-20,30.405,42.0,0.0,41.81,5900.0,246661000.0,0.0,0.0,42.5,42.5,41.2,5900.0
2017-09-21,30.405,42.0,0.0,41.19,3520.0,144977000.0,0.0,0.0,42.0,42.0,39.1,3520.0
2017-09-22,30.044,41.5,-1.1905,41.66,640.0,26660000.0,0.0,0.0,41.55,42.0,41.5,640.0
2017-09-25,29.68,41.0,-1.2048,40.14,1070.0,42949500.0,0.0,0.0,42.0,42.0,38.6,1070.0
2017-09-26,30.296,41.85,2.0732,38.87,1790.0,69577500.0,0.0,0.0,41.85,41.85,38.15,1790.0
2017-09-27,30.333,41.9,0.1195,39.28,1470.0,57739000.0,0.0,0.0,42.0,42.0,39.0,1470.0
2017-09-28,30.044,41.5,-0.9547,41.5,3000.0,124502000.0,0.0,0.0,41.9,41.9,41.45,3000.0
2017-09-29,29.645,40.95,-1.3253,40.68,110.0,4475000.0,0.0,0.0,40.2,40.95,40.2,110.0
2017-10-02,29.68,41.0,0.1221,40.93,4750.0,194402500.0,0.0,0.0,40.5,41.5,40.5,4750.0
2017-10-03,29.68,41.0,0.0,41.02,2420.0,99260000.0,0.0,0.0,40.9,42.5,40.9,2420.0
2017-10-04,30.044,41.5,1.2195,41.5,30.0,1245000.0,0.0,0.0,41.5,41.5,41.5,30.0
2017-10-05,29.828,41.2,-0.7229,40.75,130.0,5298000.0,0.0,0.0,41.3,41.3,40.5,130.0
2017-10-06,30.044,41.5,0.7282,41.7,20.0,834000.0,0.0,0.0,41.9,41.9,41.5,20.0
2017-10-09,30.044,41.5,0.0,41.31,4560.0,188375000.0,0.0,0.0,41.0,41.5,40.5,4560.0
2017-10-10,30.405,42.0,1.2048,38.84,1520.0,59035000.0,0.0,0.0,42.4,42.4,38.7,1520.0
2017-10-11,30.333,41.9,-0.2381,41.02,1020.0,41838000.0,0.0,0.0,41.9,41.9,41.0,1020.0
2017-10-12,30.114,41.6,-0.716,39.35,1550.0,60998000.0,0.0,0.0,41.9,41.9,39.0,1550.0
2017-10-13,30.007,41.45,-0.3606,40.06,520.0,20830000.0,0.0,0.0,41.55,41.55,40.0,520.0
2017-10-16,29.68,41.0,-1.0856,40.21,1910.0,76810000.0,0.0,0.0,41.0,41.0,40.0,1910.0
2017-10-17,29.572,40.85,-0.3659,40.49,6780.0,274492500.0,0.0,0.0,41.0,41.0,38.55,6780.0
2017-10-18,29.537,40.8,-0.1224,39.42,6590.0,259790500.0,0.0,0.0,40.0,40.8,38.0,6590.0
2017-10-19,29.318,40.5,-0.7353,39.67,3650.0,144810000.0,0.0,0.0,40.0,40.5,39.0,3650.0
2017-10-20,29.139,40.25,-0.6173,39.89,1810.0,72195000.0,0.0,0.0,39.5,40.45,39.5,1810.0
2017-10-23,28.849,39.85,-0.9938,39.54,350.0,13840500.0,0.0,0.0,39.5,40.0,39.5,350.0
2017-10-24,28.306,39.1,-1.8821,39.18,1570.0,61514000.0,0.0,0.0,39.2,39.2,39.1,1570.0
2017-10-25,28.595,39.5,1.023,37.43,2030.0,75990500.0,0.0,0.0,40.9,40.9,37.0,2030.0
2017-10-26,28.306,39.1,-1.0127,39.11,880.0,34415000.0,0.0,0.0,40.0,40.0,39.0,880.0
2017-10-27,28.233,39.0,-0.2558,39.0,1050.0,40945000.0,0.0,0.0,39.0,39.0,38.5,1050.0
2017-10-30,27.437,37.9,-2.8205,36.96,6420.0,237313000.0,0.0,0.0,37.95,38.95,36.3,6420.0
2017-10-31,27.147,37.5,-1.0554,35.43,2110.0,74750000.0,0.0,0.0,39.0,39.0,35.3,2110.0
2017-11-01,27.437,37.9,1.0667,37.9,6700.0,253949000.0,0.0,0.0,38.0,39.0,37.8,6700.0
2017-11-02,27.437,37.9,0.0,37.88,1270.0,48107500.0,0.0,0.0,38.95,38.95,37.85,1270.0
2017-11-03,26.351,36.4,-3.9578,35.93,8410.0,302167000.0,0.0,0.0,38.5,38.8,35.25,8410.0
2017-11-06,26.713,36.9,1.3736,35.67,4050.0,144460000.0,0.0,0.0,37.7,37.7,35.3,4050.0
2017-11-07,26.566,36.7,-0.542,36.5,2220.0,81024000.0,0.0,0.0,37.4,37.4,36.2,2220.0
2017-11-08,27.002,37.3,1.6349,37.0,9940.0,367813000.0,0.0,0.0,37.0,37.3,37.0,9940.0
2017-11-09,26.894,37.15,-0.4021,37.11,390.0,14472000.0,0.0,0.0,37.2,39.2,36.9,390.0
2017-11-10,25.339,35.0,-5.7873,36.71,1130.0,41478000.0,0.0,0.0,37.5,37.5,35.0,1130.0
2017-11-13,25.773,35.6,1.7143,35.62,3320.0,118264000.0,0.0,0.0,35.0,37.4,35.0,3320.0
2017-11-14,26.442,35.5,2.6012,35.39,7440.0,263300000.0,0.0,0.0,36.0,36.0,35.0,7440.0
2017-11-15,25.548,34.3,-3.3803,34.96,2970.0,103819500.0,0.0,0.0,36.9,36.9,33.15,2970.0
2017-11-16,26.515,35.6,3.7901,34.9,10770.0,375894500.0,0.0,0.0,34.1,35.95,34.1,10770.0
2017-11-17,26.071,35.0,-1.6854,35.01,1120.0,39211000.0,0.0,0.0,35.0,35.55,35.0,1120.0
2017-11-20,25.921,34.8,-0.5714,33.29,2470.0,82220000.0,0.0,0.0,34.9,34.9,32.6,2470.0
2017-11-21,25.921,34.8,0.0,32.68,3930.0,128449000.0,0.0,0.0,34.9,34.9,32.4,3930.0
2017-11-22,25.288,33.95,-2.4425,32.58,6190.0,201649500.0,0.0,0.0,32.6,34.55,32.4,6190.0
2017-11-23,23.984,32.2,-5.1546,32.25,7770.0,250574000.0,0.0,0.0,33.95,33.95,31.6,7770.0
2017-11-24,23.835,32.0,-0.6211,32.18,5470.0,176026500.0,0.0,0.0,31.7,32.65,30.3,5470.0
2017-11-27,24.393,32.75,2.3438,32.47,9520.0,309145500.0,0.0,0.0,32.45,32.85,32.0,9520.0
2017-11-28,25.213,33.85,3.3588,33.15,8510.0,282130000.0,0.0,0.0,33.4,33.85,33.0,8510.0
2017-11-29,26.071,35.0,3.3973,33.84,5750.0,194607000.0,0.0,0.0,35.3,35.3,33.35,5750.0
2017-11-30,26.814,36.0,2.8571,35.09,3330.0,116840000.0,0.0,0.0,36.5,37.0,35.0,3330.0
2017-12-01,26.143,35.1,-2.5,34.86,4920.0,171501000.0,0.0,0.0,36.8,36.8,34.5,4920.0
2017-12-04,25.325,34.0,-3.1339,34.0,12560.0,427063500.0,0.0,0.0,35.1,35.1,34.0,12560.0
2017-12-05,25.325,34.0,0.0,33.98,17160.0,583098500.0,0.0,0.0,34.0,34.05,33.5,17160.0
2017-12-06,25.363,34.05,0.1471,33.28,2400.0,79860500.0,0.0,0.0,34.0,34.05,31.65,2400.0
2017-12-07,25.325,34.0,-0.1468,32.29,4890.0,157881000.0,0.0,0.0,34.05,34.05,32.1,4890.0
2017-12-08,25.363,34.05,0.1471,34.01,19080.0,648905000.0,0.0,0.0,34.0,34.05,33.65,19080.0
2017-12-11,25.921,34.8,2.2026,34.0,4540.0,154341000.0,0.0,0.0,34.05,35.0,33.7,4540.0
2017-12-12,25.325,34.0,-2.2989,34.49,16060.0,553915000.0,0.0,0.0,35.0,35.0,34.0,16060.0
2017-12-13,26.032,34.95,2.7941,33.85,1030.0,34860500.0,0.0,0.0,35.95,35.95,33.55,1030.0
2017-12-14,25.325,34.0,-2.7182,34.04,2990.0,101778500.0,0.0,0.0,34.95,34.95,34.0,2990.0
2017-12-15,25.698,34.5,1.4706,34.94,220.0,7687000.0,0.0,0.0,36.0,36.0,34.5,220.0
2017-12-18,24.989,33.55,-2.7536,33.91,4340.0,147185500.0,0.0,0.0,36.0,36.0,33.55,4340.0
2017-12-19,25.325,34.0,1.3413,33.89,9810.0,332502000.0,0.0,0.0,34.2,34.2,33.6,9810.0
2017-12-20,25.698,34.5,1.4706,34.04,7490.0,254982000.0,0.0,0.0,34.0,34.5,33.9,7490.0
2017-12-21,25.959,34.85,1.0145,34.87,50.0,1743500.0,0.0,0.0,34.95,34.95,34.85,50.0
2017-12-22,26.032,34.95,0.2869,33.49,130.0,4353500.0,0.0,0.0,33.05,34.95,33.05,130.0
2017-12-25,26.032,34.95,0.0,33.54,1680.0,56342000.0,0.0,0.0,33.5,35.0,33.5,1680.0
2017-12-26,25.698,34.5,-1.2876,34.17,1060.0,36220000.0,0.0,0.0,34.0,34.5,34.0,1060.0
2017-12-27,25.288,33.95,-1.5942,33.8,180.0,6084500.0,0.0,0.0,33.25,34.8,33.25,180.0
2017-12-28,25.25,33.9,-0.1473,33.78,880.0,29723500.0,0.0,0.0,33.05,33.9,33.05,880.0
2017-12-29,25.25,33.9,0.0,33.9,30.0,1017000.0,0.0,0.0,33.9,33.9,33.9,30.0
2018-01-02,25.995,34.9,2.9499,33.54,990.0,33203500.0,0.0,0.0,34.95,34.95,33.5,990.0
2018-01-03,24.878,33.4,-4.298,33.47,5910.0,197828500.0,0.0,0.0,33.35,34.75,33.35,5910.0
2018-01-04,25.213,33.85,1.3473,31.97,19090.0,610319500.0,0.0,0.0,31.45,33.85,31.45,19090.0
2018-01-05,26.852,36.05,6.4993,36.05,10.0,360500.0,0.0,0.0,36.05,36.05,36.05,10.0
2018-01-08,26.852,36.05,0.0,36.05,50.0,1802500.0,0.0,0.0,36.05,36.05,36.05,50.0
2018-01-09,25.028,33.6,-6.7961,33.58,4150.0,139340000.0,0.0,0.0,33.55,34.15,33.55,4150.0
2018-01-10,26.442,35.5,5.6548,34.79,70.0,2435000.0,0.0,0.0,34.5,35.5,34.5,70.0
2018-01-11,25.921,34.8,-1.9718,33.71,1980.0,66736500.0,0.0,0.0,36.4,36.4,33.3,1980.0
2018-01-12,24.951,33.5,-3.7356,32.72,3560.0,116469500.0,0.0,0.0,35.0,35.0,32.4,3560.0
2018-01-15,24.581,33.0,-1.4925,32.08,4350.0,139538500.0,0.0,0.0,34.85,34.85,32.0,4350.0
2018-01-16,24.543,32.95,-0.1515,31.35,4960.0,155520500.0,0.0,0.0,34.7,34.7,31.25,4960.0
2018-01-17,24.804,33.3,1.0622,31.38,2590.0,81282500.0,0.0,0.0,33.4,34.35,31.0,2590.0
2018-01-18,24.244,32.55,-2.2523,31.26,14860.0,464589500.0,0.0,0.0,33.5,34.4,31.1,14860.0
2018-01-19,24.283,32.6,0.1536,32.08,1520.0,48759000.0,0.0,0.0,32.2,32.6,32.0,1520.0
2018-01-22,24.356,32.7,0.3067,32.14,11780.0,378577000.0,0.0,0.0,32.8,34.45,30.6,11780.0
2018-01-25,23.835,32.0,-2.1407,32.0,10060.0,321938000.0,0.0,0.0,32.0,32.9,32.0,10060.0
2018-01-26,24.506,32.9,2.8125,32.11,1030.0,33078000.0,0.0,0.0,32.0,33.0,32.0,1030.0
2018-01-29,25.177,33.8,2.7356,33.01,2020.0,66688000.0,38600.0,1235200000.0,35.0,35.0,33.0,40620.0
2018-01-30,25.622,34.4,1.7751,34.39,590.0,20291500.0,0.0,0.0,34.85,34.85,34.35,590.0
2018-01-31,25.177,33.8,-1.7442,33.58,310.0,10409000.0,0.0,0.0,33.5,33.8,33.5,310.0
2018-02-01,24.581,33.0,-2.3669,34.5,20.0,690000.0,0.0,0.0,36.0,36.0,33.0,20.0
2018-02-02,26.071,35.0,6.0606,34.14,70.0,2390000.0,0.0,0.0,34.0,35.0,34.0,70.0
2018-02-05,25.845,34.7,-0.8571,32.56,54440.0,1772580000.0,0.0,0.0,35.0,36.0,32.55,54440.0
2018-02-06,25.959,34.85,0.4323,33.22,1140.0,37865500.0,0.0,0.0,35.5,35.5,32.4,1140.0
2018-02-07,25.959,34.85,0.0,34.85,100.0,3485000.0,0.0,0.0,34.85,34.85,34.85,100.0
2018-02-08,24.171,32.45,-6.8867,32.95,3910.0,128849000.0,0.0,0.0,34.95,35.7,32.45,3910.0
2018-02-09,23.24,31.2,-3.8521,31.05,4140.0,128543500.0,0.0,0.0,30.2,33.85,30.2,4140.0
2018-02-12,24.581,33.0,5.7692,31.31,260.0,8140000.0,0.0,0.0,33.0,33.0,31.0,260.0
2018-02-13,24.469,32.85,-0.4545,31.04,5860.0,181908500.0,0.0,0.0,33.85,33.85,31.0,5860.0
2018-02-21,24.283,32.6,-0.761,31.06,2150.0,66772500.0,0.0,0.0,32.9,32.9,31.0,2150.0
2018-02-22,23.686,31.8,-2.454,31.65,2680.0,84810500.0,0.0,0.0,32.8,32.8,31.5,2680.0
2018-02-23,23.612,31.7,-0.3145,31.85,3990.0,127063000.0,0.0,0.0,32.0,33.0,31.7,3990.0
2018-02-26,23.649,31.75,0.1577,31.04,980.0,30418500.0,0.0,0.0,32.6,32.6,31.0,980.0
2018-02-27,23.24,31.2,-1.7323,31.11,9700.0,301731000.0,0.0,0.0,31.1,31.5,31.1,9700.0
2018-02-28,23.314,31.3,0.3205,31.18,2930.0,91352000.0,0.0,0.0,31.2,31.5,31.0,2930.0
2018-03-01,23.091,31.0,-0.9585,31.0,380.0,11780000.0,0.0,0.0,31.0,31.0,31.0,380.0
2018-03-02,23.091,31.0,0.0,30.97,3990.0,123551000.0,0.0,0.0,31.0,31.0,30.9,3990.0
2018-03-05,23.091,31.0,0.0,31.0,13100.0,406100000.0,0.0,0.0,31.0,31.0,31.0,13100.0
2018-03-06,23.797,31.95,3.0645,31.4,2940.0,92309500.0,0.0,0.0,32.95,32.95,31.05,2940.0
2018-03-07,24.171,32.45,1.5649,32.04,3640.0,116611500.0,0.0,0.0,31.95,34.15,31.95,3640.0
2018-03-08,24.207,32.5,0.1541,32.21,1670.0,53797000.0,0.0,0.0,34.7,34.7,32.0,1670.0
2018-03-09,24.207,32.5,0.0,32.3,5730.0,185098500.0,0.0,0.0,34.4,34.4,32.0,5730.0
2018-03-12,25.177,33.8,4.0,32.54,1870.0,60852000.0,0.0,0.0,32.5,33.8,32.5,1870.0
2018-03-13,25.177,33.8,0.0,33.86,450.0,15239000.0,0.0,0.0,35.0,35.5,33.8,450.0
2018-03-14,25.325,34.0,0.5917,33.53,170.0,5700000.0,0.0,0.0,33.5,34.0,33.5,170.0
2018-03-15,25.474,34.2,0.5882,33.63,110.0,3699000.0,0.0,0.0,34.2,34.2,33.5,110.0
2018-03-16,25.325,34.0,-0.5848,34.08,4410.0,150282000.0,0.0,0.0,34.2,34.2,34.0,4410.0
2018-03-19,25.325,34.0,0.0,34.04,3400.0,115729500.0,0.0,0.0,34.1,34.1,31.75,3400.0
2018-03-20,25.622,34.4,1.1765,34.4,10.0,344000.0,0.0,0.0,34.4,34.4,34.4,10.0
2018-03-21,27.41,36.8,6.9767,35.87,3520.0,126248000.0,0.0,0.0,35.0,36.8,35.0,3520.0
2018-03-22,28.975,38.9,5.7065,39.32,14790.0,581538500.0,0.0,0.0,38.95,39.35,34.5,14790.0
2018-03-23,28.975,38.9,0.0,38.37,3850.0,147729000.0,20000.0,724000000.0,39.3,39.35,36.3,23850.0
2018-03-26,28.306,38.0,-2.3136,36.42,530.0,19303000.0,0.0,0.0,39.1,39.1,36.3,530.0
2018-03-27,28.306,38.0,0.0,35.42,2070.0,73310000.0,0.0,0.0,38.3,38.3,35.35,2070.0
2018-03-28,27.858,37.4,-1.5789,37.2,800.0,29757000.0,0.0,0.0,35.35,37.5,35.35,800.0
2018-03-29,27.56,37.0,-1.0695,35.9,20.0,718000.0,0.0,0.0,34.8,37.0,34.8,20.0
2018-03-30,28.306,38.0,2.7027,38.0,50.0,1900000.0,0.0,0.0,38.0,38.0,38.0,50.0
2018-04-02,26.33,35.35,-6.9737,35.35,2680.0,94745500.0,0.0,0.0,35.4,35.4,35.35,2680.0
2018-04-03,26.447,34.0,0.4431,34.01,1160.0,39453500.0,0.0,0.0,35.35,35.35,34.0,1160.0
2018-04-04,26.447,34.0,0.0,33.23,1190.0,39542000.0,0.0,0.0,33.15,34.0,33.1,1190.0
2018-04-05,25.981,33.4,-1.7647,33.96,3600.0,122260000.0,0.0,0.0,34.0,34.0,33.4,3600.0
2018-04-06,26.447,34.0,1.7964,33.46,2080.0,69603000.0,0.0,0.0,33.5,34.0,32.05,2080.0
2018-04-09,26.447,34.0,0.0,0.0,0.0,0.0,0.0,0.0,34.0,34.0,34.0,0.0
2018-04-10,24.891,32.0,-5.8824,32.21,480.0,15460000.0,0.0,0.0,32.1,33.9,32.0,480.0
2018-04-11,25.748,33.1,3.4375,31.91,510.0,16272500.0,0.0,0.0,33.65,33.65,31.55,510.0
2018-04-12,25.669,33.0,-0.3021,33.02,5060.0,167061000.0,0.0,0.0,33.5,35.3,33.0,5060.0
2018-04-13,24.114,31.0,-6.0606,31.0,90.0,2790000.0,0.0,0.0,31.0,31.0,31.0,90.0
2018-04-16,24.114,31.0,0.0,31.3,670.0,20968500.0,0.0,0.0,33.1,33.1,31.0,670.0
2018-04-17,24.774,31.85,2.7419,31.17,900.0,28050000.0,0.0,0.0,32.8,32.8,31.1,900.0
2018-04-18,24.891,32.0,0.471,32.02,1270.0,40661000.0,0.0,0.0,32.65,32.8,31.5,1270.0
2018-04-19,24.891,32.0,0.0,31.54,1660.0,52355500.0,0.0,0.0,31.5,32.35,31.5,1660.0
2018-04-20,25.398,32.65,2.0313,31.91,380.0,12126500.0,0.0,0.0,33.0,33.15,31.5,380.0
2018-04-23,25.825,33.2,1.6845,31.58,330.0,10422000.0,0.0,0.0,33.4,33.9,30.4,330.0
2018-04-24,26.68,34.3,3.3133,34.3,4240.0,145412000.0,0.0,0.0,34.0,34.9,33.1,4240.0
2018-04-26,26.836,34.5,0.5831,34.33,40.0,1373000.0,0.0,0.0,34.0,34.5,34.0,40.0
2018-04-27,26.836,34.5,0.0,0.0,0.0,0.0,0.0,0.0,34.5,34.5,34.5,0.0
2018-05-02,26.019,33.45,-3.0435,32.52,300.0,9755500.0,0.0,0.0,32.1,33.85,32.1,300.0
2018-05-03,26.447,34.0,1.6442,34.01,310.0,10544500.0,0.0,0.0,34.45,34.45,34.0,310.0
2018-05-04,26.447,34.0,0.0,32.46,1710.0,55501000.0,0.0,0.0,32.5,34.0,32.2,1710.0
2018-05-07,26.797,34.45,1.3235,34.45,10.0,344500.0,0.0,0.0,34.45,34.45,34.45,10.0
2018-05-08,26.057,33.5,-2.7576,32.28,160.0,5165000.0,0.0,0.0,32.05,33.5,32.05,160.0
2018-05-09,26.292,33.8,0.8955,32.78,130.0,4261000.0,0.0,0.0,33.9,33.9,31.45,130.0
2018-05-10,24.581,31.6,-6.5089,31.6,30.0,948000.0,0.0,0.0,31.6,31.6,31.6,30.0
2018-05-11,26.292,33.8,6.962,31.56,1440.0,45452000.0,0.0,0.0,31.5,33.8,31.5,1440.0
2018-05-14,26.137,33.6,-0.5917,32.65,270.0,8816500.0,159900.0,5116800000.0,32.0,33.6,32.0,160170.0
2018-05-15,26.447,34.0,1.1905,34.0,20.0,680000.0,0.0,0.0,34.0,34.0,34.0,20.0
2018-05-16,26.447,34.0,0.0,0.0,0.0,0.0,0.0,0.0,34.0,34.0,34.0,0.0
2018-05-17,26.097,33.55,-1.3235,31.67,2500.0,79169000.0,0.0,0.0,31.75,33.55,31.65,2500.0
2018-05-18,26.097,33.55,0.0,0.0,0.0,0.0,0.0,0.0,33.55,33.55,33.55,0.0
2018-05-21,26.057,33.5,-0.149,32.3,70.0,2261000.0,0.0,0.0,31.25,33.8,31.25,70.0
2018-05-22,25.009,32.15,-4.0299,31.95,110.0,3515000.0,0.0,0.0,31.2,32.25,31.2,110.0
2018-05-23,24.891,32.0,-0.4666,32.02,160.0,5122500.0,0.0,0.0,32.35,32.35,31.95,160.0
2018-05-24,25.669,33.0,3.125,32.66,70.0,2286000.0,0.0,0.0,32.4,33.0,32.4,70.0
2018-05-25,24.97,32.1,-2.7273,30.83,570.0,17575000.0,0.0,0.0,30.85,32.1,30.7,570.0
2018-05-28,25.047,32.2,0.3115,32.2,100.0,3220000.0,0.0,0.0,32.2,32.2,32.2,100.0
2018-05-29,24.93,32.05,-0.4658,32.19,240.0,7725500.0,0.0,0.0,32.0,33.0,32.0,240.0
2018-05-30,24.97,32.1,0.156,32.1,40.0,1284000.0,0.0,0.0,32.1,32.1,32.1,40.0
2018-05-31,23.569,30.3,-5.6075,31.68,140.0,4435000.0,0.0,0.0,32.4,33.0,30.3,140.0
2018-06-01,23.958,30.8,1.6502,29.97,440.0,13185000.0,0.0,0.0,31.9,31.9,29.6,440.0
2018-06-04,24.815,31.9,3.5714,31.9,10.0,319000.0,0.0,0.0,31.9,31.9,31.9,10.0
2018-06-05,24.891,32.0,0.3135,32.0,10.0,320000.0,0.0,0.0,32.0,32.0,32.0,10.0
2018-06-06,23.336,30.0,-6.25,31.07,30.0,932000.0,0.0,0.0,31.6,31.6,30.0,30.0
2018-06-07,24.191,31.1,3.6667,30.98,190.0,5887000.0,0.0,0.0,30.4,31.1,30.4,190.0
2018-06-08,25.475,32.75,5.3055,31.7,130.0,4121500.0,0.0,0.0,31.3,32.75,31.3,130.0
2018-06-11,25.281,32.5,-0.7634,32.98,290.0,9563000.0,0.0,0.0,32.8,33.45,32.5,290.0
2018-06-12,25.047,32.2,-0.9231,30.37,1230.0,37358500.0,0.0,0.0,30.25,32.2,30.25,1230.0
2018-06-13,24.854,31.95,-0.7764,29.98,800.0,23980000.0,0.0,0.0,29.95,31.95,29.95,800.0
2018-06-14,24.854,31.95,0.0,0.0,0.0,0.0,0.0,0.0,31.95,31.95,31.95,0.0
2018-06-15,23.141,29.75,-6.8858,29.77,820.0,24408000.0,0.0,0.0,29.75,30.0,29.75,820.0
2018-06-18,24.036,30.9,3.8655,30.9,1040.0,32135500.0,0.0,0.0,30.6,31.8,30.6,1040.0
2018-06-19,24.581,31.6,2.2654,29.1,410.0,11930000.0,0.0,0.0,28.9,31.6,28.9,410.0
2018-06-20,25.281,32.5,2.8481,32.25,20.0,645000.0,0.0,0.0,32.0,32.5,32.0,20.0
2018-06-21,24.891,32.0,-1.5385,30.41,110.0,3345000.0,0.0,0.0,30.25,32.0,30.25,110.0
2018-06-22,24.891,32.0,0.0,32.0,30.0,960000.0,0.0,0.0,32.0,32.0,32.0,30.0
2018-06-25,24.114,31.0,-3.125,29.93,1990.0,59560000.0,0.0,0.0,29.8,31.0,29.8,1990.0
2018-06-26,23.181,29.8,-3.871,30.03,690.0,20722000.0,0.0,0.0,30.2,30.2,29.8,690.0
2018-06-27,23.569,30.3,1.6779,30.18,530.0,15997500.0,0.0,0.0,30.85,31.0,30.0,530.0
2018-06-28,23.569,30.3,0.0,0.0,0.0,0.0,0.0,0.0,30.3,30.3,30.3,0.0
2018-06-29,23.685,30.45,0.495,30.06,660.0,19837500.0,0.0,0.0,30.0,30.95,30.0,660.0
2018-07-02,24.387,31.35,2.9557,31.35,30.0,940500.0,0.0,0.0,31.35,31.35,31.35,30.0
2018-07-03,23.181,29.8,-4.9442,29.84,3020.0,90110000.0,0.0,0.0,30.0,30.0,29.8,3020.0
2018-07-04,23.685,30.45,2.1812,30.45,20.0,609000.0,0.0,0.0,30.45,30.45,30.45,20.0
2018-07-05,23.958,30.8,1.1494,28.52,1010.0,28808000.0,0.0,0.0,28.5,30.8,28.5,1010.0
2018-07-06,23.724,30.5,-0.974,29.99,2070.0,62078500.0,0.0,0.0,31.95,31.95,28.65,2070.0
2018-07-09,23.803,30.6,0.3279,30.5,520.0,15862000.0,0.0,0.0,30.5,30.6,30.5,520.0
2018-07-10,24.815,31.9,4.2484,31.0,800.0,24803000.0,0.0,0.0,32.7,32.7,30.9,800.0
2018-07-11,23.336,30.0,-5.9561,30.0,30.0,900000.0,0.0,0.0,30.0,30.0,30.0,30.0
2018-07-12,24.854,31.95,6.5,31.95,10.0,319500.0,0.0,0.0,31.95,31.95,31.95,10.0
2018-07-13,24.891,32.0,0.1565,32.0,10.0,320000.0,0.0,0.0,32.0,32.0,32.0,10.0
2018-07-16,25.669,33.0,3.125,32.04,2600.0,83306000.0,0.0,0.0,33.3,33.3,32.0,2600.0
2018-07-17,26.057,33.5,1.5152,33.5,10.0,335000.0,0.0,0.0,33.5,33.5,33.5,10.0
2018-07-18,26.057,33.5,0.0,33.5,10.0,335000.0,0.0,0.0,33.5,33.5,33.5,10.0
2018-07-19,26.057,33.5,0.0,0.0,0.0,0.0,0.0,0.0,33.5,33.5,33.5,0.0
2018-07-20,26.057,33.5,0.0,0.0,0.0,0.0,0.0,0.0,33.5,33.5,33.5,0.0
2018-07-23,24.891,32.0,-4.4776,31.22,1460.0,45577000.0,0.0,0.0,31.2,32.9,31.2,1460.0
2018-07-24,25.592,32.9,2.8125,32.3,30.0,969000.0,0.0,0.0,32.0,32.9,32.0,30.0
2018-07-25,25.981,33.4,1.5198,31.73,360.0,11422000.0,0.0,0.0,31.2,33.4,31.2,360.0
2018-07-26,25.436,32.7,-2.0958,31.95,160.0,5112500.0,0.0,0.0,33.4,33.85,31.1,160.0
2018-07-27,26.447,34.0,3.9755,33.2,50.0,1660000.0,0.0,0.0,33.0,34.0,33.0,50.0
2018-07-30,27.109,34.85,2.5,34.85,10.0,348500.0,0.0,0.0,34.85,34.85,34.85,10.0
2018-07-31,27.109,34.85,0.0,0.0,0.0,0.0,0.0,0.0,34.85,34.85,34.85,0.0
2018-08-01,26.836,34.5,-1.0043,33.14,410.0,13589000.0,0.0,0.0,34.0,35.0,32.45,410.0
2018-08-02,26.447,34.0,-1.4493,33.15,200.0,6629000.0,0.0,0.0,32.1,34.0,32.1,200.0
2018-08-03,27.614,35.5,4.4118,35.5,30.0,1065000.0,0.0,0.0,35.5,35.5,35.5,30.0
2018-08-06,27.614,35.5,0.0,0.0,0.0,0.0,0.0,0.0,35.5,35.5,35.5,0.0
2018-08-07,25.709,33.05,0.0,33.05,10.0,330500.0,0.0,0.0,33.05,33.05,33.05,10.0
2018-08-08,23.921,30.75,0.0,30.98,120.0,3717500.0,0.0,0.0,33.5,33.5,30.75,120.0
2018-08-09,24.114,31.0,0.813,30.39,2570.0,78097500.0,0.0,0.0,32.65,32.9,30.0,2570.0
2018-08-10,24.114,31.0,0.0,29.88,3070.0,91731000.0,0.0,0.0,32.5,32.5,29.5,3070.0
2018-08-13,23.724,30.5,-1.6129,31.01,420.0,13024500.0,0.0,0.0,31.95,31.95,30.5,420.0
2018-08-14,23.921,30.75,0.8197,30.22,180.0,5439500.0,0.0,0.0,32.45,32.45,30.0,180.0
2018-08-15,23.921,30.75,0.0,0.0,0.0,0.0,0.0,0.0,30.75,30.75,30.75,0.0
2018-08-16,23.88,30.7,-0.1626,30.12,460.0,13856000.0,0.0,0.0,30.0,30.7,30.0,460.0
2018-08-17,22.559,29.0,-5.5375,29.53,290.0,8563000.0,0.0,0.0,30.7,30.7,29.0,290.0
2018-08-20,24.114,31.0,6.8966,29.18,440.0,12839000.0,0.0,0.0,29.1,31.0,29.0,440.0
2018-08-21,24.502,31.5,1.6129,31.5,10.0,315000.0,0.0,0.0,31.5,31.5,31.5,10.0
2018-08-22,23.026,29.6,-6.0317,29.6,40.0,1184000.0,0.0,0.0,29.6,29.6,29.6,40.0
2018-08-23,24.114,31.0,4.7297,31.0,10.0,310000.0,0.0,0.0,31.0,31.0,31.0,10.0
2018-08-24,24.036,30.9,-0.3226,29.01,4510.0,130821000.0,0.0,0.0,29.0,30.9,29.0,4510.0
2018-08-27,24.114,31.0,0.3236,29.9,20.0,598000.0,0.0,0.0,28.8,31.0,28.8,20.0
2018-08-28,24.114,31.0,0.0,0.0,0.0,0.0,0.0,0.0,31.0,31.0,31.0,0.0
2018-08-29,24.114,31.0,0.0,0.0,0.0,0.0,0.0,0.0,31.0,31.0,31.0,0.0
2018-08-30,23.336,30.0,-3.2258,28.98,1050.0,30433000.0,0.0,0.0,28.9,30.0,28.9,1050.0
2018-08-31,24.076,30.95,3.1667,30.95,40.0,1238000.0,0.0,0.0,30.95,30.95,30.95,40.0
2018-09-04,24.076,30.95,0.0,30.95,20.0,619000.0,0.0,0.0,30.95,30.95,30.95,20.0
2018-09-05,24.076,30.95,0.0,30.95,20.0,619000.0,0.0,0.0,30.95,30.95,30.95,20.0
2018-09-06,23.336,30.0,-3.0695,29.86,60.0,1791500.0,0.0,0.0,29.15,30.0,29.15,60.0
2018-09-07,23.336,30.0,0.0,30.0,30.0,900000.0,0.0,0.0,30.0,30.0,30.0,30.0
2018-09-10,23.336,30.0,0.0,0.0,0.0,0.0,0.0,0.0,30.0,30.0,30.0,0.0
2018-09-11,24.97,32.1,7.0,28.31,1100.0,31137000.0,0.0,0.0,28.2,32.1,28.2,1100.0
2018-09-12,23.336,30.0,-6.5421,29.91,1080.0,32304000.0,0.0,0.0,29.9,30.6,29.9,1080.0
2018-09-13,23.724,30.5,1.6667,30.09,330.0,9930000.0,0.0,0.0,32.1,32.1,29.9,330.0
2018-09-14,22.713,29.2,-4.2623,29.15,1180.0,34397500.0,0.0,0.0,29.2,29.85,29.0,1180.0
2018-09-17,23.336,30.0,2.7397,29.1,230.0,6692000.0,0.0,0.0,30.0,30.0,29.0,230.0
2018-09-18,23.336,30.0,0.0,30.0,70.0,2100000.0,0.0,0.0,30.0,30.0,30.0,70.0
2018-09-19,23.336,30.0,0.0,29.97,100.0,2997000.0,0.0,0.0,29.95,30.0,29.95,100.0
2018-09-20,23.336,30.0,0.0,30.0,90.0,2700000.0,0.0,0.0,30.0,30.0,30.0,90.0
2018-09-21,22.559,29.0,-3.3333,28.29,2380.0,67331000.0,0.0,0.0,31.0,32.1,28.0,2380.0
2018-09-24,23.958,30.8,6.2069,29.68,1720.0,51058000.0,0.0,0.0,30.0,30.8,29.0,1720.0
2018-09-25,23.958,30.8,0.0,29.2,3680.0,107447000.0,0.0,0.0,32.0,32.0,29.0,3680.0
2018-09-26,24.891,32.0,3.8961,31.8,20.0,636000.0,0.0,0.0,31.6,32.0,31.6,20.0
2018-09-27,23.181,29.8,-6.875,29.92,1560.0,46682000.0,0.0,0.0,30.0,30.5,29.8,1560.0
2018-09-28,23.724,30.5,2.349,29.43,1700.0,50037000.0,0.0,0.0,30.5,30.8,29.0,1700.0
2018-10-01,23.958,30.8,0.9836,30.82,90.0,2774000.0,0.0,0.0,31.0,31.0,30.8,90.0
2018-10-02,23.336,30.0,-2.5974,28.76,2520.0,72477000.0,0.0,0.0,28.8,30.5,28.7,2520.0
2018-10-03,23.181,29.8,-0.6667,28.28,1320.0,37336000.0,0.0,0.0,30.8,30.8,28.2,1320.0
2018-10-04,21.936,28.2,-5.3691,28.2,10.0,282000.0,0.0,0.0,28.2,28.2,28.2,10.0
2018-10-05,22.52,28.95,2.6596,28.19,2440.0,68773500.0,0.0,0.0,29.0,29.0,28.0,2440.0
2018-10-08,22.52,28.95,0.0,28.42,3460.0,98323500.0,0.0,0.0,29.0,29.0,28.0,3460.0
2018-10-09,22.559,29.0,0.1727,28.73,2010.0,57750500.0,0.0,0.0,28.8,29.0,28.5,2010.0
2018-10-10,22.947,29.5,1.7241,29.0,5340.0,154880000.0,0.0,0.0,29.0,29.5,29.0,5340.0
2018-10-11,22.52,28.95,-1.8644,28.36,8930.0,253218500.0,0.0,0.0,29.5,29.5,28.0,8930.0
2018-10-12,22.947,29.5,1.8998,28.93,1220.0,35300500.0,0.0,0.0,28.9,29.5,28.9,1220.0
2018-10-15,23.102,29.7,0.678,29.46,350.0,10312000.0,0.0,0.0,29.0,29.8,29.0,350.0
2018-10-16,23.102,29.7,0.0,29.7,50.0,1485000.0,0.0,0.0,29.7,29.7,29.7,50.0
2018-10-17,23.336,30.0,1.0101,30.0,10.0,300000.0,0.0,0.0,30.0,30.0,30.0,10.0
2018-10-18,24.114,31.0,3.3333,31.0,10.0,310000.0,0.0,0.0,31.0,31.0,31.0,10.0
2018-10-19,24.114,31.0,0.0,0.0,0.0,0.0,0.0,0.0,31.0,31.0,31.0,0.0
2018-10-22,24.114,31.0,0.0,32.08,20.0,641500.0,0.0,0.0,33.15,33.15,31.0,20.0
2018-10-23,24.114,31.0,0.0,0.0,0.0,0.0,0.0,0.0,31.0,31.0,31.0,0.0
2018-10-24,22.947,29.5,-4.8387,29.07,570.0,16571500.0,0.0,0.0,29.05,30.0,29.0,570.0
2018-10-25,22.83,29.35,-0.5085,29.12,790.0,23003000.0,0.0,0.0,29.5,29.5,29.0,790.0
2018-10-26,22.559,29.0,-1.1925,27.45,510.0,14000000.0,0.0,0.0,27.45,29.0,27.4,510.0
2018-10-29,23.336,30.0,3.4483,29.65,1540.0,45661000.0,0.0,0.0,29.55,31.0,29.5,1540.0
2018-10-30,24.114,31.0,3.3333,31.0,10.0,310000.0,0.0,0.0,31.0,31.0,31.0,10.0
2018-10-31,24.891,32.0,3.2258,31.85,130.0,4140000.0,0.0,0.0,31.0,32.0,31.0,130.0
2018-11-01,25.63,32.95,2.9688,32.69,70.0,2288000.0,0.0,0.0,32.0,32.95,32.0,70.0
2018-11-02,25.281,32.5,-1.3657,32.67,30.0,980000.0,0.0,0.0,33.0,33.0,32.5,30.0
2018-11-05,25.281,32.5,0.0,31.27,320.0,10005000.0,0.0,0.0,33.0,33.0,31.0,320.0
2018-11-06,24.659,31.7,-2.4615,32.02,240.0,7685000.0,0.0,0.0,33.0,33.0,31.0,240.0
2018-11-07,25.281,32.5,2.5237,32.5,30.0,975000.0,0.0,0.0,32.5,32.5,32.5,30.0
2018-11-08,25.281,32.5,0.0,0.0,0.0,0.0,0.0,0.0,32.5,32.5,32.5,0.0
2018-11-09,25.592,32.9,1.2308,32.9,110.0,3619000.0,0.0,0.0,32.9,32.9,32.9,110.0
2018-11-12,25.981,33.4,1.5198,33.3,40.0,1332000.0,0.0,0.0,33.0,33.4,33.0,40.0
2018-11-13,25.903,33.3,-0.2994,33.3,10.0,333000.0,0.0,0.0,33.3,33.3,33.3,10.0
2018-11-14,26.799,32.9,3.4591,30.74,550.0,16907000.0,0.0,0.0,33.0,33.0,30.0,550.0
2018-11-15,26.555,32.6,-0.9119,32.6,10.0,326000.0,0.0,0.0,32.6,32.6,32.6,10.0
2018-11-16,26.718,32.8,0.6135,31.26,390.0,12191000.0,0.0,0.0,32.8,32.8,31.0,390.0
2018-11-19,26.718,32.8,0.0,33.05,40.0,1322000.0,0.0,0.0,33.8,33.8,32.8,40.0
2018-11-20,26.718,32.8,0.0,0.0,0.0,0.0,0.0,0.0,32.8,32.8,32.8,0.0
2018-11-21,26.718,32.8,0.0,32.8,30.0,984000.0,0.0,0.0,32.8,32.8,32.8,30.0
2018-11-22,25.25,31.0,-5.4878,31.0,20.0,620000.0,0.0,0.0,31.0,31.0,31.0,20.0
2018-11-23,24.6,30.2,-2.5806,31.5,20.0,630000.0,0.0,0.0,32.8,32.8,30.2,20.0
2018-11-26,26.066,32.0,5.9603,32.12,150.0,4818000.0,0.0,0.0,32.3,32.3,32.0,150.0
2018-11-27,26.881,33.0,3.125,33.0,30.0,990000.0,0.0,0.0,33.0,33.0,33.0,30.0
2018-11-28,26.066,32.0,-3.0303,32.0,360.0,11520000.0,0.0,0.0,32.0,32.0,32.0,360.0
2018-11-29,25.25,31.0,-3.125,31.65,2630.0,83239000.0,0.0,0.0,32.4,32.5,31.0,2630.0
2018-11-30,26.066,32.0,3.2258,32.5,20.0,650000.0,0.0,0.0,33.0,33.0,32.0,20.0
2018-12-03,25.25,31.0,-3.125,31.18,160.0,4989000.0,0.0,0.0,32.5,32.5,31.0,160.0
2018-12-04,25.25,31.0,0.0,29.4,1550.0,45568000.0,0.0,0.0,31.4,31.5,28.9,1550.0
2018-12-05,25.25,31.0,0.0,31.03,190.0,5895000.0,0.0,0.0,31.5,31.5,31.0,190.0
2018-12-06,24.436,30.0,-3.2258,30.37,3260.0,99016000.0,0.0,0.0,30.5,31.0,30.0,3260.0
2018-12-07,24.436,30.0,0.0,28.97,3790.0,109801500.0,0.0,0.0,31.0,31.0,28.6,3790.0
2018-12-10,25.659,31.5,5.0,31.5,10.0,315000.0,0.0,0.0,31.5,31.5,31.5,10.0
2018-12-11,24.844,30.5,-3.1746,31.37,30.0,941000.0,0.0,0.0,31.6,32.0,30.5,30.0
2018-12-12,26.066,32.0,4.918,32.0,10.0,320000.0,0.0,0.0,32.0,32.0,32.0,10.0
2018-12-13,25.74,31.6,-1.25,31.6,80.0,2528000.0,0.0,0.0,31.6,31.6,31.6,80.0
2018-12-14,24.03,29.5,-6.6456,29.54,520.0,15361000.0,0.0,0.0,31.6,31.6,29.5,520.0
2018-12-17,25.577,31.4,6.4407,31.4,60.0,1884000.0,0.0,0.0,31.4,31.4,31.4,60.0
2018-12-18,26.066,32.0,1.9108,32.0,10.0,320000.0,0.0,0.0,32.0,32.0,32.0,10.0
2018-12-19,26.066,32.0,0.0,0.0,0.0,0.0,0.0,0.0,32.0,32.0,32.0,0.0
2018-12-20,26.473,32.5,1.5625,32.35,20.0,647000.0,0.0,0.0,32.2,32.5,32.2,20.0
2018-12-21,26.881,33.0,1.5385,33.0,10.0,330000.0,0.0,0.0,33.0,33.0,33.0,10.0
2018-12-24,26.309,32.3,-2.1212,32.9,20.0,658000.0,0.0,0.0,33.5,33.5,32.3,20.0
2018-12-25,26.309,32.3,0.0,0.0,0.0,0.0,0.0,0.0,32.3,32.3,32.3,0.0
2018-12-26,25.984,31.9,-1.2384,31.45,80.0,2516000.0,0.0,0.0,30.05,32.0,30.05,80.0
2018-12-27,26.066,32.0,0.3135,29.91,4460.0,133400000.0,0.0,0.0,32.5,32.5,29.8,4460.0
2018-12-28,26.146,32.1,0.3125,31.63,120.0,3796000.0,0.0,0.0,32.5,32.5,31.5,120.0
2019-01-02,26.473,32.5,0.0,31.98,60.0,1918500.0,0.0,0.0,32.0,32.5,29.9,60.0
2019-01-03,25.616,31.45,-3.2308,30.45,300.0,9136000.0,0.0,0.0,30.25,31.45,30.25,300.0
2019-01-04,25.616,31.45,0.0,31.45,20.0,629000.0,0.0,0.0,31.45,31.45,31.45,20.0
2019-01-07,26.025,31.95,1.5898,31.95,10.0,319500.0,0.0,0.0,31.95,31.95,31.95,10.0
2019-01-08,26.025,31.95,0.0,0.0,0.0,0.0,0.0,0.0,31.95,31.95,31.95,0.0
2019-01-09,24.233,29.75,-6.8858,31.13,20.0,622500.0,0.0,0.0,32.5,32.5,29.75,20.0
2019-01-10,25.659,31.5,5.8824,27.98,1020.0,28538500.0,0.0,0.0,31.5,31.5,27.7,1020.0
2019-01-11,26.473,32.5,3.1746,32.5,10.0,325000.0,0.0,0.0,32.5,32.5,32.5,10.0
2019-01-14,26.473,32.5,0.0,0.0,0.0,0.0,0.0,0.0,32.5,32.5,32.5,0.0
2019-01-15,24.64,30.25,-6.9231,30.25,10.0,302500.0,0.0,0.0,30.25,30.25,30.25,10.0
2019-01-16,22.971,28.2,-6.7769,28.36,1020.0,28923500.0,0.0,0.0,29.95,29.95,28.2,1020.0
2019-01-17,24.03,29.5,4.6099,28.41,240.0,6819500.0,0.0,0.0,28.2,29.5,28.2,240.0
2019-01-18,24.6,30.2,2.3729,30.2,10.0,302000.0,0.0,0.0,30.2,30.2,30.2,10.0
2019-01-21,24.436,30.0,-0.6623,29.49,40.0,1179500.0,0.0,0.0,29.0,30.0,29.0,40.0
2019-01-22,24.03,29.5,-1.6667,28.55,200.0,5710000.0,0.0,0.0,28.5,29.5,28.5,200.0
2019-01-23,24.844,30.5,3.3898,30.5,10.0,305000.0,0.0,0.0,30.5,30.5,30.5,10.0
2019-01-24,24.844,30.5,0.0,0.0,0.0,0.0,0.0,0.0,30.5,30.5,30.5,0.0
2019-01-25,26.066,32.0,4.918,30.83,7880.0,242920000.0,0.0,0.0,30.5,32.0,30.5,7880.0
2019-01-28,27.695,34.0,6.25,32.04,8020.0,257000000.0,0.0,0.0,32.0,34.0,31.9,8020.0
2019-01-29,26.799,32.9,-3.2353,32.0,4360.0,139539000.0,0.0,0.0,32.0,32.9,32.0,4360.0
2019-01-30,26.799,32.9,0.0,33.03,3650.0,120557000.0,0.0,0.0,33.5,35.1,32.9,3650.0
2019-01-31,26.799,32.9,0.0,32.03,7010.0,224555000.0,0.0,0.0,34.0,34.0,30.6,7010.0
2019-02-01,27.288,33.5,1.8237,33.5,40.0,1340000.0,0.0,0.0,33.5,33.5,33.5,40.0
2019-02-11,27.288,33.5,0.0,0.0,0.0,0.0,0.0,0.0,33.5,33.5,33.5,0.0
2019-02-12,26.881,33.0,-1.4925,33.5,20.0,670000.0,0.0,0.0,34.0,34.0,33.0,20.0
2019-02-13,27.205,33.4,1.2121,33.4,80.0,2672000.0,0.0,0.0,33.4,33.4,33.4,80.0
2019-02-14,26.839,32.95,-1.3473,31.19,670.0,20896000.0,0.0,0.0,31.2,33.0,31.1,670.0
2019-02-15,26.839,32.95,0.0,0.0,0.0,0.0,0.0,0.0,32.95,32.95,32.95,0.0
2019-02-18,26.473,32.5,-1.3657,31.14,110.0,3425000.0,0.0,0.0,31.0,32.5,31.0,110.0
2019-02-19,25.25,31.0,-4.6154,32.0,25180.0,805751500.0,0.0,0.0,34.5,34.5,31.0,25180.0
2019-02-20,26.881,33.0,6.4516,33.0,10.0,330000.0,0.0,0.0,33.0,33.0,33.0,10.0
2019-02-21,26.066,32.0,-3.0303,31.48,50.0,1574000.0,0.0,0.0,30.7,32.0,30.7,50.0
2019-02-22,26.473,32.5,1.5625,32.38,60.0,1943000.0,0.0,0.0,32.1,32.5,32.1,60.0
2019-02-25,26.473,32.5,0.0,31.71,40.0,1268500.0,0.0,0.0,30.35,33.0,30.35,40.0
2019-02-26,26.473,32.5,0.0,30.68,1950.0,59825500.0,0.0,0.0,32.8,33.0,30.5,1950.0
2019-02-27,26.718,32.8,0.9231,30.65,320.0,9809000.0,0.0,0.0,33.0,33.0,30.5,320.0
2019-02-28,26.718,32.8,0.0,32.05,90.0,2884500.0,0.0,0.0,31.5,32.8,31.5,90.0
2019-03-01,26.718,32.8,0.0,32.8,20.0,656000.0,0.0,0.0,32.8,32.8,32.8,20.0
2019-03-04,26.473,32.5,-0.9146,31.28,6440.0,201432500.0,25000.0,800000000.0,31.5,32.5,31.0,31440.0
2019-03-05,25.332,31.1,-4.3077,31.32,460.0,14406000.0,0.0,0.0,32.65,32.95,31.1,460.0
2019-03-06,26.718,32.8,5.4662,32.73,20.0,654500.0,0.0,0.0,32.65,32.8,32.65,20.0
2019-03-07,25.903,31.8,-3.0488,31.77,1230.0,39077000.0,0.0,0.0,33.0,34.5,31.5,1230.0
2019-03-08,26.718,32.8,3.1447,32.75,20.0,655000.0,0.0,0.0,32.7,32.8,32.7,20.0
2019-03-11,26.881,33.0,0.6098,33.0,10.0,330000.0,0.0,0.0,33.0,33.0,33.0,10.0
2019-03-12,26.881,33.0,0.0,0.0,0.0,0.0,0.0,0.0,33.0,33.0,33.0,0.0
2019-03-13,25.659,31.5,-4.5455,31.71,5810.0,184220000.0,0.0,0.0,33.4,34.0,31.5,5810.0
2019-03-14,26.473,32.5,3.1746,31.58,640.0,20209000.0,0.0,0.0,33.4,33.4,31.5,640.0
2019-03-15,26.473,32.5,0.0,32.5,20.0,650000.0,0.0,0.0,32.5,32.5,32.5,20.0
2019-03-18,26.473,32.5,0.0,32.25,20.0,645000.0,0.0,0.0,32.0,32.5,32.0,20.0
2019-03-19,26.555,32.6,0.3077,32.61,900.0,29349000.0,0.0,0.0,33.5,33.5,32.6,900.0
2019-03-20,26.635,32.7,0.3067,31.36,2500.0,78409000.0,0.0,0.0,33.5,33.5,31.1,2500.0
2019-03-21,27.205,33.4,2.1407,33.4,10.0,334000.0,0.0,0.0,33.4,33.4,33.4,10.0
2019-03-22,27.625,32.9,1.5432,32.9,10.0,329000.0,0.0,0.0,32.9,32.9,32.9,10.0
2019-03-25,26.87,32.0,-2.7356,31.72,390.0,12372500.0,0.0,0.0,32.4,33.2,31.05,390.0
2019-03-26,26.282,31.3,-2.1875,30.51,570.0,17393500.0,0.0,0.0,30.7,31.8,30.4,570.0
2019-03-27,26.282,31.3,0.0,31.3,50.0,1565000.0,0.0,0.0,31.3,31.3,31.3,50.0
2019-03-28,26.156,31.15,-0.4792,30.1,1060.0,31904000.0,0.0,0.0,31.6,31.7,30.0,1060.0
2019-03-29,26.156,31.15,0.0,31.15,30.0,934500.0,0.0,0.0,31.15,31.15,31.15,30.0
2019-04-01,26.702,31.8,2.0867,31.8,30.0,954000.0,0.0,0.0,31.8,31.8,31.8,30.0
2019-04-02,25.023,29.8,-6.2893,29.8,10.0,298000.0,0.0,0.0,29.8,29.8,29.8,10.0
2019-04-03,26.031,31.0,4.0268,29.87,1080.0,32264500.0,0.0,0.0,29.8,31.1,29.8,1080.0
2019-04-04,26.828,31.95,3.0645,31.8,70.0,2226000.0,0.0,0.0,31.4,31.95,31.4,70.0
2019-04-05,26.828,31.95,0.0,31.95,20.0,639000.0,0.0,0.0,31.95,31.95,31.95,20.0
2019-04-08,25.359,30.2,-5.4773,30.2,20.0,604000.0,0.0,0.0,30.2,30.2,30.2,20.0
2019-04-09,25.988,30.95,2.4834,31.13,20.0,622500.0,0.0,0.0,31.3,31.3,30.95,20.0
2019-04-10,25.988,30.95,0.0,0.0,0.0,0.0,0.0,0.0,30.95,30.95,30.95,0.0
2019-04-11,25.905,30.85,-0.3231,30.85,10.0,308500.0,0.0,0.0,30.85,30.85,30.85,10.0
2019-04-12,25.905,30.85,0.0,0.0,0.0,0.0,0.0,0.0,30.85,30.85,30.85,0.0
2019-04-16,25.905,30.85,0.0,0.0,0.0,0.0,0.0,0.0,30.85,30.85,30.85,0.0
2019-04-17,25.905,30.85,0.0,0.0,0.0,0.0,0.0,0.0,30.85,30.85,30.85,0.0
2019-04-18,25.107,29.9,-3.0794,29.9,170.0,5083000.0,0.0,0.0,29.9,29.9,29.9,170.0
2019-04-19,25.612,30.5,2.0067,30.02,310.0,9305000.0,0.0,0.0,30.0,30.5,30.0,310.0
2019-04-22,25.191,30.0,-1.6393,30.0,1670.0,50100000.0,0.0,0.0,30.0,30.0,30.0,1670.0
2019-04-23,25.191,30.0,0.0,29.5,20.0,590000.0,0.0,0.0,29.0,30.0,29.0,20.0
2019-04-24,25.191,30.0,0.0,0.0,0.0,0.0,0.0,0.0,30.0,30.0,30.0,0.0
2019-04-25,25.191,30.0,0.0,30.01,340.0,10205000.0,0.0,0.0,30.5,30.5,30.0,340.0
2019-04-26,25.191,30.0,0.0,30.0,470.0,14100000.0,0.0,0.0,30.0,30.0,30.0,470.0
2019-05-02,25.191,30.0,0.0,30.03,310.0,9310000.0,0.0,0.0,31.0,31.0,30.0,310.0
2019-05-03,25.149,29.95,-0.1667,28.08,510.0,14319500.0,0.0,0.0,28.0,30.0,28.0,510.0
2019-05-06,25.149,29.95,0.0,0.0,0.0,0.0,0.0,0.0,29.95,29.95,29.95,0.0
2019-05-07,25.149,29.95,0.0,28.81,12370.0,356391500.0,0.0,0.0,29.0,29.95,28.8,12370.0
2019-05-08,25.023,29.8,-0.5008,29.24,150.0,4386000.0,0.0,0.0,29.95,29.95,29.0,150.0
2019-05-09,24.771,29.5,-1.0067,28.22,27690.0,781395000.0,0.0,0.0,29.0,29.95,28.0,27690.0
2019-05-10,24.771,29.5,0.0,28.51,4010.0,114322500.0,0.0,0.0,29.0,29.5,28.5,4010.0
2019-05-13,24.435,29.1,-1.3559,28.93,10330.0,298851000.0,0.0,0.0,29.1,29.1,28.5,10330.0
2019-05-14,24.435,29.1,0.0,0.0,0.0,0.0,0.0,0.0,29.1,29.1,29.1,0.0
2019-05-15,24.308,28.95,-0.5155,28.01,210.0,5882500.0,0.0,0.0,28.0,28.95,27.9,210.0
2019-05-16,24.308,28.95,0.0,0.0,0.0,0.0,0.0,0.0,28.95,28.95,28.95,0.0
2019-05-17,23.931,28.5,-1.5544,27.46,3990.0,109575500.0,0.0,0.0,28.05,29.9,26.95,3990.0
2019-05-20,23.931,28.5,0.0,28.52,1860.0,53050500.0,0.0,0.0,29.2,29.95,28.5,1860.0
2019-05-21,23.931,28.5,0.0,28.51,1820.0,51880000.0,0.0,0.0,28.5,29.0,28.5,1820.0
2019-05-22,23.176,27.6,-3.1579,28.32,1300.0,36813000.0,0.0,0.0,28.5,28.7,27.2,1300.0
2019-05-23,23.176,27.6,0.0,27.6,1050.0,28982500.0,0.0,0.0,27.8,27.95,27.5,1050.0
2019-05-24,23.176,27.6,0.0,27.61,2020.0,55774000.0,0.0,0.0,28.3,28.9,27.6,2020.0
2019-05-27,23.931,28.5,3.2609,28.45,20.0,569000.0,0.0,0.0,28.4,28.5,28.4,20.0
2019-05-28,24.266,28.9,1.4035,28.9,10.0,289000.0,0.0,0.0,28.9,28.9,28.9,10.0
2019-05-29,24.266,28.9,0.0,0.0,0.0,0.0,0.0,0.0,28.9,28.9,28.9,0.0
2019-05-30,23.848,28.4,-1.7301,27.55,180.0,4959000.0,0.0,0.0,27.5,28.4,27.5,180.0
2019-05-31,23.427,27.9,-1.7606,27.97,380.0,10630000.0,0.0,0.0,28.0,28.0,27.9,380.0
2019-06-03,23.427,27.9,0.0,0.0,0.0,0.0,0.0,0.0,27.9,27.9,27.9,0.0
2019-06-04,23.931,28.5,2.1505,28.22,50.0,1411000.0,0.0,0.0,28.0,28.5,28.0,50.0
2019-06-05,23.763,28.3,-0.7018,27.76,770.0,21373000.0,0.0,0.0,28.0,28.3,27.5,770.0
2019-06-06,23.848,28.4,0.3534,28.12,1500.0,42175000.0,0.0,0.0,27.55,28.4,27.55,1500.0
2019-06-07,25.107,29.9,5.2817,29.9,10.0,299000.0,0.0,0.0,29.9,29.9,29.9,10.0
2019-06-10,23.427,27.9,-6.689,27.9,40.0,1116000.0,0.0,0.0,27.9,27.9,27.9,40.0
2019-06-11,23.931,28.5,2.1505,28.36,7040.0,199638500.0,0.0,0.0,28.0,28.75,28.0,7040.0
2019-06-12,23.931,28.5,0.0,28.09,1730.0,48590000.0,0.0,0.0,28.6,29.9,28.0,1730.0
2019-06-13,24.35,29.0,1.7544,29.0,10.0,290000.0,0.0,0.0,29.0,29.0,29.0,10.0
2019-06-14,23.931,28.5,-1.7241,28.0,1010.0,28285000.0,0.0,0.0,28.0,28.5,28.0,1010.0
2019-06-17,23.931,28.5,0.0,28.5,10.0,285000.0,0.0,0.0,28.5,28.5,28.5,10.0
2019-06-18,23.931,28.5,0.0,0.0,0.0,0.0,0.0,0.0,28.5,28.5,28.5,0.0
2019-06-19,22.42,26.7,-6.3158,27.1,4840.0,131156000.0,0.0,0.0,28.5,28.5,26.55,4840.0
2019-06-20,23.973,28.55,6.9288,28.54,1080.0,30819000.0,0.0,0.0,28.45,28.55,28.45,1080.0
2019-06-21,25.107,29.9,4.7285,28.07,1240.0,34807000.0,0.0,0.0,28.0,29.9,28.0,1240.0
2019-06-24,23.469,27.95,-6.5217,27.89,1480.0,41274500.0,0.0,0.0,29.9,29.9,27.85,1480.0
2019-06-25,23.469,27.95,0.0,27.51,460.0,12654500.0,0.0,0.0,27.5,27.95,27.5,460.0
2019-06-26,23.511,28.0,0.1789,27.56,570.0,15710000.0,0.0,0.0,28.0,28.0,27.5,570.0
2019-06-27,23.511,28.0,0.0,0.0,0.0,0.0,0.0,0.0,28.0,28.0,28.0,0.0
2019-06-28,23.889,28.45,1.6071,26.56,1910.0,50731500.0,0.0,0.0,26.65,28.45,26.05,1910.0
2019-07-01,24.266,28.9,1.5817,28.62,30.0,858500.0,0.0,0.0,28.45,28.9,28.45,30.0
2019-07-02,24.519,29.2,1.0381,27.21,1250.0,34008500.0,0.0,0.0,27.2,29.2,27.1,1250.0
2019-07-03,23.889,28.45,-2.5685,28.47,2010.0,57215500.0,0.0,0.0,28.0,28.6,28.0,2010.0
2019-07-04,24.519,29.2,2.6362,28.43,4180.0,118832000.0,0.0,0.0,28.45,29.4,28.4,4180.0
2019-07-05,24.604,29.3,0.3425,28.41,1310.0,37223000.0,0.0,0.0,28.5,29.5,28.0,1310.0
2019-07-08,24.604,29.3,0.0,28.75,40.0,1150000.0,0.0,0.0,29.3,29.3,28.2,40.0
2019-07-09,24.604,29.3,0.0,0.0,0.0,0.0,0.0,0.0,29.3,29.3,29.3,0.0
2019-07-10,24.519,29.2,-0.3413,28.36,40.0,1134500.0,0.0,0.0,28.1,29.2,28.05,40.0
2019-07-11,23.931,28.5,-2.3973,28.5,4510.0,128535000.0,0.0,0.0,28.5,28.5,28.5,4510.0
2019-07-12,24.35,29.0,1.7544,29.0,30.0,870000.0,0.0,0.0,29.0,29.0,29.0,30.0
2019-07-15,24.35,29.0,0.0,0.0,0.0,0.0,0.0,0.0,29.0,29.0,29.0,0.0
2019-07-16,24.35,29.0,0.0,0.0,0.0,0.0,0.0,0.0,29.0,29.0,29.0,0.0
2019-07-17,24.35,29.0,0.0,0.0,0.0,0.0,0.0,0.0,29.0,29.0,29.0,0.0
2019-07-18,24.183,28.8,-0.6897,28.16,150.0,4223500.0,0.0,0.0,28.0,28.8,28.0,150.0
2019-07-19,24.35,29.0,0.6944,28.41,1520.0,43182000.0,0.0,0.0,29.2,29.2,28.4,1520.0
2019-07-22,23.931,28.5,-1.7241,28.4,2500.0,71000000.0,0.0,0.0,28.0,29.0,28.0,2500.0
2019-07-23,23.511,28.0,-1.7544,28.8,650.0,18720000.0,0.0,0.0,29.3,29.3,28.0,650.0
2019-07-24,24.435,29.1,3.9286,28.02,710.0,19891000.0,0.0,0.0,28.0,29.1,28.0,710.0
2019-07-25,24.435,29.1,0.0,0.0,0.0,0.0,0.0,0.0,29.1,29.1,29.1,0.0
2019-07-26,23.763,28.3,-2.7491,28.3,30.0,849000.0,0.0,0.0,28.3,28.3,28.3,30.0
2019-07-29,24.183,28.8,1.7668,28.06,1180.0,33113500.0,0.0,0.0,28.35,28.8,28.0,1180.0
2019-07-30,24.687,29.4,2.0833,29.4,30.0,882000.0,0.0,0.0,29.4,29.4,29.4,30.0
2019-07-31,23.511,28.0,-4.7619,28.0,10.0,280000.0,0.0,0.0,28.0,28.0,28.0,10.0
2019-08-01,24.35,29.0,3.5714,29.0,3410.0,98886500.0,0.0,0.0,28.95,29.0,28.95,3410.0
2019-08-02,24.35,29.0,0.0,0.0,0.0,0.0,0.0,0.0,29.0,29.0,29.0,0.0
2019-08-05,23.721,28.25,-2.5862,29.14,260.0,7577000.0,0.0,0.0,28.9,30.85,28.25,260.0
2019-08-06,25.191,30.0,6.1947,29.72,130.0,3864000.0,0.0,0.0,29.4,30.0,29.4,130.0
2019-08-07,25.612,30.5,1.6667,30.5,30.0,915000.0,0.0,0.0,30.5,30.5,30.5,30.0
2019-08-08,26.87,32.0,4.918,31.44,530.0,16665000.0,0.0,0.0,32.5,32.5,29.5,530.0
2019-08-09,25.023,29.8,-6.875,29.8,770.0,22946000.0,0.0,0.0,29.8,29.8,29.8,770.0
2019-08-12,23.931,28.5,-4.3624,28.51,1020.0,29080000.0,0.0,0.0,28.5,29.5,28.5,1020.0
2019-08-13,22.797,27.15,-4.7368,28.33,360.0,10200500.0,0.0,0.0,28.5,29.5,27.15,360.0
2019-08-14,23.931,28.5,4.9724,27.28,570.0,15549500.0,0.0,0.0,27.15,28.95,27.15,570.0
2019-08-15,22.503,26.8,-5.9649,28.31,110.0,3114000.0,0.0,0.0,28.5,29.0,26.8,110.0
2019-08-16,23.848,28.4,5.9701,28.39,580.0,16465500.0,0.0,0.0,28.65,28.65,28.2,580.0
2019-08-19,23.091,27.5,-3.169,28.44,70.0,1990500.0,0.0,0.0,28.6,28.95,27.5,70.0
2019-08-20,24.266,28.9,5.0909,28.02,820.0,22978500.0,0.0,0.0,27.8,28.9,27.8,820.0
2019-08-21,23.973,28.55,-1.2111,27.05,2030.0,54920500.0,0.0,0.0,28.0,28.6,27.0,2030.0
2019-08-22,24.35,29.0,1.5762,29.0,10.0,290000.0,0.0,0.0,29.0,29.0,29.0,10.0
2019-08-23,24.35,29.0,0.0,29.0,6040.0,175145000.0,0.0,0.0,28.95,29.0,28.95,6040.0
2019-08-26,23.301,27.75,-4.3103,27.56,470.0,12951000.0,0.0,0.0,30.4,30.4,27.15,470.0
2019-08-27,23.427,27.9,0.5405,27.68,740.0,20481500.0,0.0,0.0,27.5,28.8,27.5,740.0
2019-08-28,23.511,28.0,0.3584,27.57,410.0,11302500.0,0.0,0.0,27.5,28.0,27.45,410.0
2019-08-29,24.266,28.9,3.2143,28.58,12250.0,350125500.0,0.0,0.0,28.5,29.5,28.5,12250.0
2019-08-30,25.191,30.0,3.8062,29.07,2780.0,80820000.0,0.0,0.0,29.5,30.5,29.0,2780.0
2019-09-03,25.149,29.95,-0.1667,29.37,30.0,881000.0,0.0,0.0,30.0,30.0,28.15,30.0
2019-09-04,25.191,30.0,0.1669,29.94,2570.0,76940000.0,0.0,0.0,29.9,30.0,29.9,2570.0
2019-09-05,25.191,30.0,0.0,29.87,2420.0,72284000.0,0.0,0.0,30.0,30.0,29.5,2420.0
2019-09-06,23.721,28.25,-5.8333,28.25,40.0,1130000.0,0.0,0.0,28.25,28.25,28.25,40.0
2019-09-09,25.191,30.0,6.1947,29.72,4040.0,120049500.0,0.0,0.0,29.95,30.0,29.0,4040.0
2019-09-10,25.191,30.0,0.0,29.01,1010.0,29300000.0,0.0,0.0,29.0,30.0,29.0,1010.0
2019-09-11,24.35,29.0,-3.3333,29.07,540.0,15699000.0,0.0,0.0,29.1,30.0,29.0,540.0
2019-09-12,24.771,29.5,1.7241,29.5,4020.0,118600000.0,0.0,0.0,29.5,30.0,29.5,4020.0
2019-09-13,25.191,30.0,1.6949,30.0,40.0,1200000.0,0.0,0.0,30.0,30.0,30.0,40.0
2019-09-16,26.702,31.8,6.0,29.9,7180.0,214707500.0,0.0,0.0,29.5,31.85,29.5,7180.0
2019-09-17,27.542,32.8,3.1447,30.68,130.0,3988000.0,0.0,0.0,33.2,33.2,30.0,130.0
2019-09-18,27.836,33.15,1.0671,33.05,220.0,7271500.0,0.0,0.0,34.0,34.0,33.0,220.0
2019-09-19,27.836,33.15,0.0,0.0,0.0,0.0,0.0,0.0,33.15,33.15,33.15,0.0
2019-09-20,27.836,33.15,0.0,30.9,1140.0,35221500.0,0.0,0.0,30.9,33.2,30.85,1140.0
2019-09-23,26.785,31.9,-3.7707,31.63,230.0,7274000.0,0.0,0.0,35.0,35.0,30.9,230.0
2019-09-24,24.939,29.7,-6.8966,30.91,130.0,4018500.0,0.0,0.0,30.9,33.45,29.7,130.0
2019-09-25,26.156,31.15,4.8822,29.09,3030.0,88138500.0,0.0,0.0,31.35,31.45,27.7,3030.0
2019-09-26,26.87,32.0,2.7287,30.06,5660.0,170141000.0,0.0,0.0,32.0,32.0,29.0,5660.0
2019-09-27,26.45,31.5,-1.5625,30.01,5130.0,153927000.0,0.0,0.0,29.8,31.5,29.8,5130.0
2019-09-30,25.612,30.5,-3.1746,30.0,5020.0,150613000.0,0.0,0.0,30.0,30.8,30.0,5020.0
2019-10-01,26.324,31.35,2.7869,30.02,1670.0,50136500.0,0.0,0.0,30.0,31.4,30.0,1670.0
2019-10-02,25.947,30.9,-1.4354,29.93,150.0,4490000.0,0.0,0.0,31.8,31.8,29.35,150.0
2019-10-03,26.45,31.5,1.9417,31.67,30.0,950000.0,0.0,0.0,32.0,32.0,31.5,30.0
2019-10-04,24.814,29.55,-6.1905,29.55,30.0,886500.0,0.0,0.0,29.55,29.55,29.55,30.0
2019-10-07,26.366,31.4,6.2606,31.33,70.0,2193000.0,0.0,0.0,31.0,31.4,31.0,70.0
2019-10-08,26.702,31.8,1.2739,31.85,40.0,1274000.0,0.0,0.0,32.0,32.0,31.8,40.0
2019-10-09,26.366,31.4,-1.2579,30.42,90.0,2737500.0,0.0,0.0,29.75,31.45,29.75,90.0
2019-10-10,26.702,31.8,1.2739,29.74,160.0,4759000.0,0.0,0.0,31.9,31.9,29.4,160.0
2019-10-11,26.66,31.75,-0.1572,31.75,20.0,635000.0,0.0,0.0,31.75,31.75,31.75,20.0
2019-10-14,26.87,32.0,0.7874,31.97,60.0,1918000.0,0.0,0.0,31.85,32.0,31.85,60.0
2019-10-15,25.191,30.0,-6.25,30.11,720.0,21682500.0,0.0,0.0,29.85,31.8,29.85,720.0
2019-10-16,26.282,31.3,4.3333,31.27,1050.0,32836000.0,0.0,0.0,31.45,31.45,28.4,1050.0
2019-10-17,26.743,31.85,1.7572,31.85,10.0,318500.0,0.0,0.0,31.85,31.85,31.85,10.0
2019-10-18,26.45,31.5,-1.0989,30.29,10430.0,315901500.0,0.0,0.0,31.85,31.85,29.7,10430.0
2019-10-21,25.191,30.0,-4.7619,30.33,160.0,4853000.0,0.0,0.0,31.95,32.0,30.0,160.0
2019-10-22,25.569,30.45,1.5,30.76,50.0,1538000.0,0.0,0.0,32.0,32.0,30.45,50.0
2019-10-23,26.031,31.0,1.8062,31.89,7720.0,246159500.0,0.0,0.0,31.9,31.9,30.95,7720.0
2019-10-24,25.822,30.75,-0.8065,30.07,2370.0,71268000.0,0.0,0.0,30.8,31.85,30.0,2370.0
2019-10-25,25.275,30.1,-2.1138,30.24,120.0,3629000.0,0.0,0.0,31.8,31.8,30.1,120.0
2019-10-28,26.45,31.5,4.6512,31.29,10500.0,328569500.0,0.0,0.0,32.0,32.2,30.5,10500.0
2019-10-29,26.66,31.75,0.7937,31.75,1090.0,34606000.0,0.0,0.0,32.5,32.5,31.0,1090.0
2019-10-30,27.205,32.4,2.0472,32.24,40.0,1289500.0,0.0,0.0,32.0,32.4,32.0,40.0
2019-10-31,27.205,32.4,0.0,0.0,0.0,0.0,0.0,0.0,32.4,32.4,32.4,0.0
2019-11-01,26.45,31.5,-2.7778,31.14,6630.0,206486000.0,0.0,0.0,32.2,32.45,31.0,6630.0
2019-11-04,27.773,31.5,5.0,28.18,3060.0,86240000.0,0.0,0.0,31.5,31.5,27.9,3060.0
2019-11-05,26.45,30.0,-4.7619,29.43,210.0,6181000.0,0.0,0.0,30.0,30.0,29.3,210.0
2019-11-06,26.45,30.0,0.0,31.14,190.0,5916500.0,0.0,0.0,31.4,31.4,30.0,190.0
2019-11-07,24.775,28.1,-6.3333,30.63,3910.0,119750000.0,0.0,0.0,30.0,31.2,28.1,3910.0
2019-11-08,26.318,29.85,6.2278,29.79,6680.0,198974000.0,0.0,0.0,29.95,29.95,29.75,6680.0
2019-11-11,26.671,30.25,1.34,30.27,11030.0,333922000.0,0.0,0.0,28.75,30.5,28.75,11030.0
2019-11-12,26.274,29.8,-1.4876,29.6,12090.0,357889000.0,0.0,0.0,29.7,29.8,29.45,12090.0
2019-11-13,26.45,30.0,0.6711,29.76,250.0,7440000.0,0.0,0.0,29.5,30.0,29.5,250.0
2019-11-14,26.891,30.5,1.6667,30.49,3300.0,100630500.0,0.0,0.0,30.2,31.0,30.0,3300.0
2019-11-15,26.362,29.9,-1.9672,29.7,20.0,594000.0,0.0,0.0,29.5,29.9,29.5,20.0
2019-11-18,26.626,30.2,1.0033,30.16,9000.0,271450000.0,0.0,0.0,29.85,30.2,29.85,9000.0
2019-11-19,26.45,30.0,-0.6623,29.88,6800.0,203160000.0,0.0,0.0,29.8,30.0,29.8,6800.0
2019-11-20,27.068,30.7,2.3333,30.7,10.0,307000.0,0.0,0.0,30.7,30.7,30.7,10.0
2019-11-21,26.362,29.9,-2.6059,29.93,1450.0,43405000.0,0.0,0.0,30.0,30.0,29.9,1450.0
2019-11-22,27.155,30.8,3.01,30.8,10.0,308000.0,0.0,0.0,30.8,30.8,30.8,10.0
2019-11-25,27.155,30.8,0.0,0.0,0.0,0.0,50560.0,1567360000.0,30.8,30.8,30.8,50560.0
2019-11-26,26.362,29.9,-2.9221,29.48,20.0,589500.0,0.0,0.0,29.05,29.9,29.05,20.0
2019-11-27,26.45,30.0,0.3344,29.4,8620.0,253410000.0,0.0,0.0,29.0,30.0,29.0,8620.0
2019-11-28,26.009,29.5,-1.6667,29.5,10.0,295000.0,20000.0,600000000.0,29.5,29.5,29.5,20010.0
2019-11-29,25.48,28.9,-2.0339,28.75,260.0,7474000.0,0.0,0.0,29.5,28.9,28.5,260.0
2019-12-02,26.052,29.55,2.2491,27.46,2010.0,55203500.0,0.0,0.0,29.5,29.55,27.25,2010.0
2019-12-03,26.052,29.55,0.0,29.55,20.0,591000.0,0.0,0.0,29.55,29.55,29.55,20.0
2019-12-04,25.525,28.95,-2.0305,28.95,10.0,289500.0,0.0,0.0,28.95,28.95,28.95,10.0
2019-12-05,25.569,29.0,0.1727,29.11,80.0,2329000.0,0.0,0.0,29.9,29.9,29.0,80.0
2019-12-06,25.878,29.35,1.2069,28.58,3740.0,106870500.0,0.0,0.0,29.2,29.4,28.0,3740.0
2019-12-09,27.155,30.8,4.9404,30.8,10.0,308000.0,0.0,0.0,30.8,30.8,30.8,10.0
2019-12-10,26.803,30.4,-1.2987,29.1,140.0,4074000.0,0.0,0.0,29.0,30.4,29.0,140.0
2019-12-11,26.803,30.4,0.0,30.4,40.0,1216000.0,0.0,0.0,30.4,30.4,30.4,40.0
2019-12-12,25.569,29.0,-4.6053,28.53,1510.0,43080000.0,0.0,0.0,28.5,29.0,28.5,1510.0
2019-12-13,25.569,29.0,0.0,28.96,690.0,19985000.0,0.0,0.0,28.9,29.0,28.9,690.0
2019-12-16,25.922,29.4,1.3793,28.4,160.0,4543500.0,0.0,0.0,29.75,29.75,28.1,160.0
2019-12-17,25.878,29.35,-0.1701,29.35,30.0,880500.0,0.0,0.0,29.35,29.35,29.35,30.0
2019-12-18,25.878,29.35,0.0,29.35,120.0,3522000.0,0.0,0.0,29.35,29.35,29.35,120.0
2019-12-19,25.039,28.4,-3.2368,27.83,1890.0,52591000.0,0.0,0.0,29.35,29.7,27.8,1890.0
2019-12-20,25.48,28.9,1.7606,28.85,780.0,22503000.0,0.0,0.0,29.0,29.0,28.7,780.0
2019-12-23,25.569,29.0,0.346,29.0,40.0,1160000.0,0.0,0.0,29.0,29.0,29.0,40.0
2019-12-24,26.009,29.5,1.7241,29.5,10.0,295000.0,0.0,0.0,29.5,29.5,29.5,10.0
2019-12-25,26.009,29.5,0.0,29.5,100.0,2950000.0,0.0,0.0,29.5,29.5,29.5,100.0
2019-12-26,25.745,29.2,-1.0169,28.8,30.0,864000.0,0.0,0.0,28.0,29.2,28.0,30.0
2019-12-27,25.922,29.4,0.6849,29.09,2510.0,73024000.0,0.0,0.0,29.0,29.4,29.0,2510.0
2019-12-30,26.716,30.3,3.0612,30.3,50.0,1515000.0,0.0,0.0,30.3,30.3,30.3,50.0
2019-12-31,26.45,30.0,-0.9901,29.97,10620.0,318302000.0,0.0,0.0,28.25,30.0,28.25,10620.0
2020-01-02,26.45,30.0,0.0,30.41,70.0,2129000.0,0.0,0.0,30.8,31.8,29.5,70.0
2020-01-03,24.687,28.0,-6.6667,28.07,4130.0,115912500.0,0.0,0.0,32.0,32.0,28.0,4130.0
2020-01-06,23.937,27.15,-3.0357,27.57,520.0,14336000.0,0.0,0.0,29.9,29.9,27.0,520.0
2020-01-07,25.614,29.05,6.9982,29.05,10.0,290500.0,0.0,0.0,29.05,29.05,29.05,10.0
2020-01-08,25.614,29.05,0.0,29.05,40.0,1162000.0,0.0,0.0,29.05,29.05,29.05,40.0
2020-01-09,24.995,28.35,-2.4096,27.38,250.0,6846000.0,0.0,0.0,27.2,28.35,27.2,250.0
2020-01-10,24.245,27.5,-2.9982,27.63,770.0,21276500.0,0.0,0.0,28.85,28.85,26.75,770.0
2020-01-13,24.245,27.5,0.0,27.37,910.0,24904000.0,0.0,0.0,28.9,28.9,26.15,910.0
2020-01-14,24.687,28.0,1.8182,27.98,2510.0,70240000.0,0.0,0.0,28.4,28.4,27.95,2510.0
2020-01-15,25.039,28.4,1.4286,27.71,110.0,3048000.0,0.0,0.0,27.0,28.4,27.0,110.0
2020-01-16,24.995,28.35,-0.1761,27.91,140.0,3907000.0,0.0,0.0,27.5,28.35,27.5,140.0
2020-01-17,24.467,27.75,-2.1164,27.22,610.0,16602500.0,0.0,0.0,27.25,27.75,27.2,610.0
2020-01-20,24.687,28.0,0.9009,27.36,1550.0,42413000.0,0.0,0.0,28.3,28.3,27.1,1550.0
2020-01-21,24.687,28.0,0.0,27.6,500.0,13802000.0,0.0,0.0,29.5,29.5,27.15,500.0
2020-01-22,24.158,27.4,-2.1429,27.6,180.0,4967500.0,0.0,0.0,29.0,29.35,27.4,180.0
2020-01-30,24.158,27.4,0.0,27.47,580.0,15931000.0,0.0,0.0,28.8,28.8,27.4,580.0
2020-01-31,25.26,28.65,4.562,27.66,6180.0,170927500.0,0.0,0.0,29.0,29.0,27.0,6180.0
2020-02-03,25.039,28.4,-0.8726,27.45,2460.0,67527000.0,55320.0,1521300000.0,28.9,28.9,27.0,57780.0
2020-02-04,25.039,28.4,0.0,28.4,80.0,2272000.0,0.0,0.0,28.4,28.4,28.4,80.0
2020-02-05,24.423,27.7,-2.4648,26.88,120.0,3225000.0,0.0,0.0,28.8,28.8,26.6,120.0
2020-02-06,24.114,27.35,-1.2635,26.38,340.0,8968000.0,0.0,0.0,28.8,28.8,26.1,340.0
2020-02-07,23.893,27.1,-0.9141,26.66,1140.0,30392500.0,0.0,0.0,25.55,27.25,25.55,1140.0
2020-02-10,23.277,26.4,-2.583,26.1,250.0,6524500.0,0.0,0.0,26.75,26.75,26.0,250.0
2020-02-11,23.672,26.85,1.7045,26.39,1260.0,33257000.0,0.0,0.0,26.85,26.85,26.0,1260.0
2020-02-12,24.599,27.9,3.9106,26.33,2040.0,53703000.0,0.0,0.0,26.85,27.9,26.0,2040.0
2020-02-13,24.687,28.0,0.3584,28.23,20.0,564500.0,0.0,0.0,28.45,28.45,28.0,20.0
2020-02-14,24.687,28.0,0.0,0.0,0.0,0.0,0.0,0.0,28.0,28.0,28.0,0.0
2020-02-17,23.233,26.35,-5.8929,27.97,3030.0,84753500.0,0.0,0.0,27.5,28.4,26.35,3030.0
2020-02-18,22.041,25.0,-5.1233,25.02,1950.0,48779500.0,0.0,0.0,27.95,27.95,25.0,1950.0
2020-02-19,22.704,25.75,3.0,26.59,2150.0,57179000.0,0.0,0.0,26.2,26.75,25.6,2150.0
2020-02-20,24.158,27.4,6.4078,27.16,70.0,1901500.0,0.0,0.0,27.0,27.45,26.1,70.0
2020-02-21,24.158,27.4,0.0,27.4,20.0,548000.0,0.0,0.0,27.4,27.4,27.4,20.0
2020-02-24,22.924,26.0,-5.1095,26.15,1780.0,46545500.0,0.0,0.0,26.9,26.95,26.0,1780.0
2020-02-25,23.277,26.4,1.5385,26.41,1060.0,27998500.0,0.0,0.0,26.9,26.9,24.35,1060.0
2020-02-26,22.835,25.9,-1.8939,26.86,1100.0,29540500.0,0.0,0.0,26.95,26.95,25.05,1100.0
2020-02-27,23.365,26.5,2.3166,26.78,1490.0,39895000.0,341039.0,8525975000.0,26.95,26.95,26.5,342529.0
2020-02-28,23.321,26.45,-0.1887,25.02,4700.0,117599500.0,0.0,0.0,25.05,26.45,25.0,4700.0
2020-03-02,22.968,26.05,-1.5123,25.05,800.0,20036500.0,0.0,0.0,25.0,26.3,25.0,800.0
2020-03-03,23.365,26.5,1.7274,26.58,60.0,1594500.0,0.0,0.0,26.95,26.95,26.5,60.0
2020-03-04,23.012,26.1,-1.5094,26.1,1690.0,44107000.0,80000.0,2000000000.0,25.9,26.1,25.9,81690.0
2020-03-05,23.365,26.5,1.5326,26.1,3040.0,79355000.0,0.0,0.0,26.8,26.8,26.1,3040.0
2020-03-06,23.628,26.8,1.1321,26.93,7300.0,196600000.0,0.0,0.0,26.4,27.0,26.4,7300.0
2020-03-09,23.628,26.8,0.0,26.83,15510.0,416126500.0,20000.0,500000000.0,28.65,28.65,26.8,35510.0
2020-03-10,22.924,26.0,-2.9851,25.28,3280.0,82905000.0,0.0,0.0,25.0,28.5,25.0,3280.0
2020-03-11,22.835,25.9,-0.3846,25.26,3130.0,79049000.0,20000.0,500000000.0,25.5,26.0,25.0,23130.0
2020-03-12,23.277,26.4,1.9305,25.99,1210.0,31444000.0,0.0,0.0,26.0,26.4,25.9,1210.0
2020-03-13,22.041,25.0,-5.303,25.01,550.0,13756500.0,0.0,0.0,25.0,25.65,25.0,550.0
2020-03-16,21.689,24.6,-1.6,25.11,4630.0,116275500.0,0.0,0.0,26.5,26.5,24.6,4630.0
2020-03-17,22.219,25.2,2.439,25.21,110.0,2773500.0,0.0,0.0,25.6,25.6,25.0,110.0
2020-03-18,22.924,26.0,3.1746,26.01,1170.0,30434000.0,0.0,0.0,26.0,26.4,26.0,1170.0
2020-03-19,23.749,25.9,3.6,25.9,30.0,777000.0,0.0,0.0,25.9,25.9,25.9,30.0
2020-03-20,22.465,24.5,-5.4054,24.54,2340.0,57428000.0,0.0,0.0,25.3,25.3,24.5,2340.0
2020-03-23,22.924,25.0,2.0408,24.45,40.0,978000.0,0.0,0.0,25.5,25.5,22.8,40.0
2020-03-24,23.016,25.1,0.4,25.3,1020.0,25805000.0,0.0,0.0,25.4,25.4,25.1,1020.0
2020-03-25,23.29,25.4,1.1952,25.4,30.0,762000.0,0.0,0.0,25.4,25.4,25.4,30.0
2020-03-26,23.29,25.4,0.0,25.4,20.0,508000.0,0.0,0.0,25.4,25.4,25.4,20.0
2020-03-27,22.007,24.0,-5.5118,24.33,1660.0,40386000.0,0.0,0.0,26.0,26.0,24.0,1660.0
2020-03-30,22.924,25.0,4.1667,24.98,1020.0,25478000.0,0.0,0.0,25.0,25.0,24.8,1020.0
2020-03-31,22.098,24.1,-3.6,23.99,2860.0,68611000.0,0.0,0.0,23.7,24.2,23.5,2860.0
2020-04-01,22.374,24.4,1.2448,24.1,33800.0,814738000.0,0.0,0.0,24.5,24.5,24.0,33800.0
2020-04-03,22.924,25.0,2.459,24.7,20.0,494000.0,0.0,0.0,24.4,25.0,24.4,20.0
2020-04-06,22.924,25.0,0.0,24.83,970.0,24088500.0,0.0,0.0,24.7,25.0,24.7,970.0
2020-04-07,22.924,25.0,0.0,25.0,4630.0,115747000.0,0.0,0.0,25.8,25.8,24.6,4630.0
2020-04-08,23.382,25.5,2.0,25.09,110.0,2760000.0,0.0,0.0,25.0,25.5,25.0,110.0
2020-04-09,22.924,25.0,-1.9608,25.0,2170.0,54245000.0,0.0,0.0,24.5,25.0,24.5,2170.0
2020-04-10,22.924,25.0,0.0,25.0,190.0,4750000.0,0.0,0.0,25.0,25.0,25.0,190.0
2020-04-13,23.29,25.4,1.6,25.0,6080.0,152025000.0,0.0,0.0,25.0,26.0,24.9,6080.0
2020-04-14,22.924,25.0,-1.5748,25.0,1250.0,31254000.0,0.0,0.0,25.4,25.4,25.0,1250.0
2020-04-15,22.924,25.0,0.0,24.98,3390.0,84669000.0,0.0,0.0,25.4,25.4,24.8,3390.0
2020-04-16,22.649,24.7,-1.2,24.85,40.0,994000.0,0.0,0.0,25.0,25.0,24.7,40.0
2020-04-17,22.924,25.0,1.2146,24.72,1750.0,43253000.0,0.0,0.0,24.7,25.0,24.6,1750.0
2020-04-20,22.465,24.5,-2.0,24.61,2110.0,51917000.0,0.0,0.0,24.7,24.7,24.5,2110.0
2020-04-21,22.74,24.8,1.2245,24.86,110.0,2735000.0,0.0,0.0,25.5,25.5,24.8,110.0
2020-04-22,22.465,24.5,-1.2097,24.1,1940.0,46752500.0,0.0,0.0,23.65,24.8,23.65,1940.0
2020-04-23,22.557,24.6,0.4082,24.53,610.0,14965000.0,0.0,0.0,24.7,24.7,24.5,610.0
2020-04-24,22.557,24.6,0.0,0.0,0.0,0.0,0.0,0.0,24.6,24.6,24.6,0.0
2020-04-27,22.465,24.5,-0.4065,24.49,2100.0,51438000.0,0.0,0.0,24.6,24.6,24.4,2100.0
2020-04-28,23.382,25.5,4.0816,25.16,1810.0,45537000.0,0.0,0.0,24.8,26.0,24.8,1810.0
2020-04-29,23.29,25.4,-0.3922,25.21,700.0,17650000.0,0.0,0.0,25.2,25.4,25.2,700.0
2020-05-04,23.474,25.6,0.7874,25.44,960.0,24418000.0,0.0,0.0,25.5,27.0,25.2,960.0
2020-05-05,23.565,25.7,0.3906,25.4,650.0,16511000.0,0.0,0.0,25.7,25.7,25.0,650.0
2020-05-06,23.932,26.1,1.5564,25.79,4520.0,116586000.0,0.0,0.0,25.7,27.2,25.7,4520.0
2020-05-07,24.116,26.3,0.7663,26.23,5920.0,155301000.0,0.0,0.0,26.2,26.8,26.1,5920.0
2020-05-08,24.758,27.0,2.6616,27.02,5290.0,142911000.0,0.0,0.0,26.5,27.5,26.5,5290.0
2020-05-11,25.4,27.7,2.5926,27.44,4060.0,111405000.0,0.0,0.0,27.5,27.7,26.6,4060.0
2020-05-12,25.492,27.8,0.361,28.17,6980.0,196641000.0,0.0,0.0,28.5,28.5,27.5,6980.0
2020-05-13,25.492,27.8,0.0,27.8,140.0,3892000.0,0.0,0.0,27.8,27.8,27.8,140.0
2020-05-14,24.346,26.55,-4.4964,27.39,1410.0,38613000.0,0.0,0.0,26.3,29.5,26.3,1410.0
2020-05-15,24.391,26.6,0.1883,27.85,580.0,16155500.0,0.0,0.0,28.0,28.0,26.6,580.0
2020-05-18,24.758,27.0,1.5038,27.42,1220.0,33454000.0,0.0,0.0,28.2,28.2,26.6,1220.0
2020-05-19,24.849,27.1,0.3704,27.12,2100.0,56961000.0,0.0,0.0,28.0,28.0,27.0,2100.0
2020-05-20,25.583,27.9,2.952,27.31,420.0,11471000.0,0.0,0.0,27.1,27.9,27.1,420.0
2020-05-21,25.858,28.2,1.0753,28.26,250.0,7064000.0,0.0,0.0,28.0,29.0,28.0,250.0
2020-05-22,25.766,28.1,-0.3546,28.15,190.0,5349000.0,0.0,0.0,28.2,28.2,28.1,190.0
2020-05-25,25.033,27.3,-2.847,27.58,190.0,5240000.0,0.0,0.0,27.15,29.0,27.15,190.0
2020-05-26,24.987,27.25,-0.1832,27.59,50.0,1379500.0,0.0,0.0,28.95,28.95,27.25,50.0
2020-05-27,23.978,26.15,-4.0367,26.6,60.0,1596000.0,0.0,0.0,28.85,28.85,26.15,60.0
2020-05-28,25.4,27.7,5.9273,25.61,940.0,24074000.0,0.0,0.0,25.15,27.7,25.15,940.0
2020-05-29,25.4,27.7,0.0,27.74,230.0,6379500.0,0.0,0.0,27.7,28.55,27.7,230.0
2020-06-01,25.4,27.7,0.0,27.22,710.0,19327500.0,0.0,0.0,27.7,28.45,27.0,710.0
2020-06-02,25.4,27.7,0.0,27.7,720.0,19944000.0,0.0,0.0,27.7,27.7,27.7,720.0
2020-06-03,24.849,27.1,-2.1661,27.1,50.0,1355000.0,0.0,0.0,27.1,27.1,27.1,50.0
2020-06-04,24.758,27.0,-0.369,27.02,810.0,21884500.0,0.0,0.0,28.45,28.45,27.0,810.0
2020-06-05,25.583,27.9,3.3333,27.11,3420.0,92727000.0,0.0,0.0,28.5,28.5,27.0,3420.0
2020-06-08,26.134,28.5,2.1505,27.72,1410.0,39082000.0,0.0,0.0,27.9,28.5,27.5,1410.0
2020-06-09,25.307,27.6,-3.1579,27.6,20.0,552000.0,0.0,0.0,27.6,27.6,27.6,20.0
2020-06-10,25.307,27.6,0.0,27.58,670.0,18481500.0,0.0,0.0,28.05,28.05,27.5,670.0
2020-06-11,25.583,27.9,1.087,27.68,5140.0,142269500.0,0.0,0.0,28.0,28.0,27.5,5140.0
2020-06-12,25.216,27.5,-1.4337,27.5,630.0,17325000.0,0.0,0.0,27.5,27.5,27.5,630.0
2020-06-15,24.849,27.1,-1.4545,27.48,3910.0,107456000.0,0.0,0.0,27.6,27.6,27.1,3910.0
2020-06-16,25.033,27.3,0.738,27.62,50.0,1381000.0,0.0,0.0,28.4,28.4,27.2,50.0
2020-06-17,25.078,27.35,0.1832,27.35,3110.0,85063000.0,0.0,0.0,28.3,28.3,27.3,3110.0
2020-06-18,25.674,28.0,2.3766,27.81,3220.0,89562000.0,0.0,0.0,27.9,28.3,27.6,3220.0
2020-06-19,26.316,28.7,2.5,28.72,5660.0,162582000.0,0.0,0.0,28.0,29.9,28.0,5660.0
2020-06-22,27.966,30.5,6.2718,28.68,1630.0,46756000.0,0.0,0.0,29.0,30.6,28.5,1630.0
2020-06-23,27.966,30.5,0.0,30.27,110.0,3330000.0,0.0,0.0,30.5,30.5,30.0,110.0
2020-06-24,27.416,29.9,-1.9672,29.45,4710.0,138720500.0,0.0,0.0,32.0,32.0,29.0,4710.0
2020-06-25,27.508,30.0,0.3344,29.35,8180.0,240066500.0,0.0,0.0,29.5,30.0,29.0,8180.0
2020-06-26,25.72,28.05,-6.5,28.08,1020.0,28640500.0,0.0,0.0,31.0,31.0,28.05,1020.0
2020-06-29,25.72,28.05,0.0,27.96,90.0,2516000.0,0.0,0.0,29.8,29.8,27.2,90.0
2020-06-30,27.234,29.7,5.8824,29.7,40.0,1188000.0,0.0,0.0,29.7,29.7,29.7,40.0
2020-07-01,26.134,28.5,-4.0404,29.99,90.0,2699000.0,0.0,0.0,29.7,31.0,28.5,90.0
2020-07-02,25.446,27.75,-2.6316,28.02,70.0,1961500.0,0.0,0.0,29.65,29.65,27.75,70.0
2020-07-03,26.134,28.5,2.7027,28.5,6710.0,191229500.0,0.0,0.0,27.65,28.9,27.65,6710.0
2020-07-06,26.958,29.4,3.1579,28.51,8470.0,241467000.0,0.0,0.0,30.0,30.0,28.5,8470.0
2020-07-07,27.416,29.9,1.7007,28.54,5060.0,144406000.0,0.0,0.0,29.9,29.9,28.5,5060.0
2020-07-08,27.783,30.3,1.3378,28.75,270.0,7762500.0,0.0,0.0,28.55,30.45,28.55,270.0
2020-07-09,28.334,30.9,1.9802,28.88,7310.0,211097500.0,0.0,0.0,31.4,31.4,28.7,7310.0
2020-07-10,28.334,30.9,0.0,30.45,4040.0,123034500.0,0.0,0.0,30.0,30.9,30.0,4040.0
2020-07-13,27.6,30.1,-2.589,30.84,3560.0,109796000.0,0.0,0.0,30.9,30.9,30.1,3560.0
2020-07-14,27.966,30.5,1.3289,30.345,4510.0,136855000.0,0.0,0.0,30.5,30.5,30.15,4510.0
2020-07-15,27.83,30.35,-0.4918,30.6,1960.0,59985000.0,0.0,0.0,30.5,30.9,30.35,1960.0
2020-07-16,28.242,30.8,1.4827,30.74,790.0,24287000.0,0.0,0.0,30.35,30.8,30.35,790.0
2020-07-17,28.334,30.9,0.3247,30.86,3470.0,107070000.0,0.0,0.0,30.8,30.9,30.5,3470.0
2020-07-20,28.242,30.8,-0.3236,30.87,3640.0,112368000.0,0.0,0.0,31.0,32.4,30.8,3640.0
2020-07-21,29.296,31.95,3.7338,31.95,50.0,1597500.0,0.0,0.0,31.95,31.95,31.95,50.0
2020-07-22,27.646,30.15,-5.6338,31.68,380.0,12037500.0,0.0,0.0,31.95,31.95,30.15,380.0
2020-07-23,27.6,30.1,-0.1658,30.03,2250.0,67561500.0,0.0,0.0,30.0,30.9,30.0,2250.0
2020-07-24,27.966,30.5,1.3289,30.07,21420.0,644160000.0,0.0,0.0,30.0,30.5,29.0,21420.0
2020-07-27,27.783,30.3,-0.6557,29.51,18050.0,532687000.0,0.0,0.0,30.0,30.3,29.4,18050.0
2020-07-28,27.783,30.3,0.0,30.042,2160.0,64890000.0,0.0,0.0,30.0,30.3,30.0,2160.0
2020-07-29,27.646,30.15,-0.495,30.0,1580.0,47407500.0,0.0,0.0,30.0,30.15,30.0,1580.0
2020-07-30,27.966,30.5,1.1609,30.84,5180.0,159751000.0,0.0,0.0,30.9,30.9,30.15,5180.0
2020-07-31,27.966,30.5,0.0,30.21,1770.0,53480000.0,0.0,0.0,30.1,30.5,30.1,1770.0
2020-08-03,29.342,32.0,4.918,30.23,2030.0,61360000.0,0.0,0.0,30.0,32.0,30.0,2030.0
2020-08-04,27.6,30.1,-5.9375,30.1,13390.0,403025000.0,0.0,0.0,30.0,30.5,30.0,13390.0
2020-08-05,27.966,30.5,1.3289,30.13,4610.0,138917500.0,20000.0,580000000.0,30.5,30.5,30.0,24610.0
2020-08-06,27.966,30.5,0.0,0.0,0.0,0.0,0.0,0.0,30.5,30.5,30.5,0.0
2020-08-07,27.6,30.1,-1.3115,30.1,4000.0,120400000.0,0.0,0.0,30.1,30.1,30.1,4000.0
2020-08-10,27.692,30.2,0.3322,30.65,2470.0,75706000.0,0.0,0.0,30.7,30.7,30.2,2470.0
2020-08-11,27.783,30.3,0.3311,30.3,3500.0,106050000.0,0.0,0.0,30.25,30.5,30.25,3500.0
2020-08-12,27.6,30.1,-0.6601,30.3,1320.0,39992000.0,0.0,0.0,30.3,30.3,30.1,1320.0
2020-08-13,27.876,30.4,0.9967,30.1,1170.0,35212000.0,0.0,0.0,30.0,30.4,30.0,1170.0
2020-08-14,27.876,30.4,0.0,0.0,0.0,0.0,0.0,0.0,30.4,30.4,30.4,0.0
2020-08-17,27.737,30.25,-0.4934,30.25,13650.0,412880000.0,0.0,0.0,30.2,32.0,30.2,13650.0
2020-08-18,28.884,31.5,4.1322,30.71,1280.0,39303500.0,0.0,0.0,30.8,31.5,30.25,1280.0
2020-08-19,28.104,30.65,-2.6984,31.0,1630.0,50523000.0,0.0,0.0,31.0,31.0,30.65,1630.0
2020-08-20,29.158,31.8,3.752,30.82,540.0,16640500.0,0.0,0.0,30.65,31.8,30.65,540.0
2020-08-21,29.342,32.0,0.6289,32.41,1420.0,46020000.0,0.0,0.0,32.8,32.8,31.0,1420.0
2020-08-24,30.076,32.8,2.5,32.06,660.0,21159000.0,0.0,0.0,32.0,32.8,32.0,660.0
2020-08-25,29.434,32.1,-2.1341,32.62,1020.0,33270000.0,0.0,0.0,32.9,32.9,32.1,1020.0
2020-08-26,30.168,32.9,2.4922,32.24,1530.0,49329000.0,0.0,0.0,32.2,32.9,32.2,1530.0
2020-08-27,30.9,33.7,2.4316,33.0,340.0,11220000.0,0.0,0.0,32.9,33.8,32.9,340.0
2020-08-28,30.718,33.5,-0.5935,32.92,1040.0,34240000.0,0.0,0.0,32.9,33.5,32.9,1040.0
2020-08-31,31.176,34.0,1.4925,33.24,7390.0,245637000.0,0.0,0.0,33.0,34.9,32.8,7390.0
2020-09-01,31.176,34.0,0.0,33.89,1240.0,42024000.0,0.0,0.0,34.0,34.0,33.2,1240.0
2020-09-03,31.313,34.15,0.4412,34.1,2210.0,75370500.0,0.0,0.0,34.1,34.15,34.0,2210.0
2020-09-04,30.168,32.9,-3.6603,33.75,120.0,4050000.0,0.0,0.0,34.0,34.15,32.9,120.0
2020-09-07,30.168,32.9,0.0,32.87,3560.0,117026000.0,0.0,0.0,32.1,33.0,32.1,3560.0
2020-09-08,31.176,34.0,3.3435,32.52,1050.0,34144000.0,0.0,0.0,32.5,34.0,32.5,1050.0
2020-09-09,31.176,34.0,0.0,34.0,500.0,17000000.0,0.0,0.0,34.0,34.0,34.0,500.0
2020-09-10,31.176,34.0,0.0,33.8,100.0,3380000.0,0.0,0.0,33.1,34.0,33.1,100.0
2020-09-11,31.176,34.0,0.0,33.69,80.0,2695000.0,0.0,0.0,33.5,34.0,33.5,80.0
2020-09-14,30.718,33.5,-1.4706,33.95,290.0,9845000.0,0.0,0.0,34.0,34.0,33.5,290.0
2020-09-15,30.993,33.8,0.8955,33.8,1060.0,35833000.0,0.0,0.0,34.0,34.0,33.3,1060.0
2020-09-16,31.176,34.0,0.5917,33.57,150.0,5035000.0,0.0,0.0,33.5,34.0,33.5,150.0
2020-09-17,31.084,33.9,-0.2941,33.46,180.0,6022000.0,0.0,0.0,33.9,33.9,33.1,180.0
2020-09-18,30.305,33.05,-2.5074,33.05,130.0,4296500.0,0.0,0.0,33.05,33.05,33.05,130.0
2020-09-21,31.084,33.9,2.5719,33.55,1140.0,38242000.0,0.0,0.0,33.5,33.9,33.5,1140.0
2020-09-22,30.718,33.5,-1.1799,33.53,2080.0,69742000.0,0.0,0.0,33.5,33.9,33.5,2080.0
2020-09-23,31.084,33.9,1.194,32.9,310.0,10199000.0,0.0,0.0,33.0,33.9,32.8,310.0
2020-09-24,29.8,32.5,-4.1298,33.77,110.0,3715000.0,0.0,0.0,33.9,33.9,32.5,110.0
2020-09-25,31.084,33.9,4.3077,33.62,100.0,3362000.0,0.0,0.0,32.5,33.9,32.5,100.0
2020-09-28,31.176,34.0,0.295,33.99,3020.0,102653000.0,0.0,0.0,33.9,34.0,33.9,3020.0
2020-09-29,31.084,33.9,-0.2941,33.61,140.0,4706000.0,0.0,0.0,33.5,33.9,33.5,140.0
2020-09-30,31.084,33.9,0.0,33.9,630.0,21357000.0,0.0,0.0,33.9,33.9,33.9,630.0
2020-10-01,31.084,33.9,0.0,32.81,2120.0,69562000.0,0.0,0.0,32.8,33.9,32.8,2120.0
2020-10-02,30.993,33.8,-0.295,33.06,1070.0,35377000.0,0.0,0.0,33.05,33.8,33.0,1070.0
2020-10-05,29.984,32.7,-3.2544,32.73,570.0,18655000.0,0.0,0.0,33.8,33.8,32.6,570.0
2020-10-06,30.259,33.0,0.9174,33.0,9220.0,304287000.0,0.0,0.0,33.0,34.5,33.0,9220.0
2020-10-07,30.351,33.1,0.303,33.39,220.0,7345000.0,0.0,0.0,33.5,33.5,33.1,220.0
2020-10-08,30.993,33.8,2.1148,32.78,5410.0,177348000.0,0.0,0.0,33.1,33.8,32.5,5410.0
2020-10-09,30.993,33.8,0.0,0.0,0.0,0.0,0.0,0.0,33.8,33.8,33.8,0.0
2020-10-12,30.993,33.8,0.0,33.8,300.0,10140000.0,0.0,0.0,33.8,33.8,33.8,300.0
2020-10-13,31.542,34.4,1.7751,33.296,140.0,4661500.0,0.0,0.0,32.55,34.4,32.55,140.0
2020-10-14,30.168,32.9,-4.3605,32.9,770.0,25333000.0,0.0,0.0,32.9,32.9,32.9,770.0
2020-10-15,30.168,32.9,0.0,32.9,3030.0,99687000.0,0.0,0.0,32.9,32.9,32.9,3030.0
2020-10-16,31.13,33.95,3.1915,33.81,130.0,4395500.0,0.0,0.0,34.0,34.0,33.0,130.0
2020-10-19,29.525,32.2,-5.1546,32.41,870.0,28199000.0,0.0,0.0,33.0,33.9,32.2,870.0
2020-10-20,29.525,32.2,0.0,32.2,0.0,0.0,0.0,0.0,32.2,32.2,32.2,0.0
2020-10-21,30.993,33.8,4.9689,32.57,130.0,4234000.0,0.0,0.0,32.2,33.8,32.2,130.0
2020-10-22,30.81,33.6,-0.5917,33.5,540.0,18092000.0,0.0,0.0,33.5,33.6,33.5,540.0
2020-10-23,30.718,33.5,-0.2976,32.91,510.0,16785000.0,0.0,0.0,32.9,33.5,32.9,510.0
2020-10-26,30.855,33.65,0.4478,32.55,9150.0,297843500.0,0.0,0.0,32.55,33.65,32.55,9150.0
2020-10-27,30.855,33.65,0.0,33.65,30.0,1009500.0,0.0,0.0,33.65,33.65,33.65,30.0
2020-10-28,30.855,33.65,0.0,0.0,0.0,0.0,0.0,0.0,33.65,33.65,33.65,0.0
2020-10-29,29.846,32.55,-3.2689,32.59,830.0,27049500.0,0.0,0.0,33.65,33.65,32.55,830.0
2020-10-30,30.993,33.8,3.8402,33.71,8340.0,281137000.0,0.0,0.0,33.5,34.0,33.5,8340.0
2020-11-02,31.176,34.0,0.5917,33.15,1220.0,40438000.0,0.0,0.0,33.8,34.0,33.0,1220.0
2020-11-03,30.442,33.2,-2.3529,33.2,10.0,332000.0,0.0,0.0,33.2,33.2,33.2,10.0
2020-11-04,31.176,34.0,2.4096,33.22,150.0,4983000.0,0.0,0.0,32.7,34.0,32.7,150.0
2020-11-05,31.084,33.9,-0.2941,33.96,80.0,2717000.0,0.0,0.0,34.0,34.0,33.9,80.0
2020-11-06,30.81,33.6,-0.885,34.32,1270.0,43581000.0,0.0,0.0,34.5,34.5,33.6,1270.0
2020-11-09,31.176,34.0,1.1905,34.05,1130.0,38474000.0,0.0,0.0,34.5,34.5,34.0,1130.0
2020-11-10,31.176,34.0,0.0,34.0,1380.0,46918000.0,0.0,0.0,34.0,34.0,33.9,1380.0
2020-11-11,31.176,34.0,0.0,34.0,1030.0,35015000.0,0.0,0.0,34.0,34.0,33.5,1030.0
2020-11-12,31.176,34.0,0.0,33.5,40.0,1340000.0,0.0,0.0,33.0,34.0,33.0,40.0
2020-11-13,31.176,34.0,0.0,34.0,800.0,27200000.0,0.0,0.0,34.0,34.0,34.0,800.0
2020-11-16,31.416,32.75,0.7692,33.88,1010.0,34221500.0,0.0,0.0,33.3,33.9,32.75,1010.0
2020-11-17,31.656,33.0,0.7634,32.77,260.0,8520500.0,0.0,0.0,32.75,33.0,32.7,260.0
2020-11-18,31.224,32.55,-1.3636,32.6,1050.0,34232000.0,0.0,0.0,33.0,33.0,32.55,1050.0
2020-11-19,30.985,32.3,-0.768,32.23,1570.0,50599000.0,0.0,0.0,32.55,32.55,32.0,1570.0
2020-11-20,31.656,33.0,2.1672,32.5,5910.0,192080000.0,0.0,0.0,32.5,33.0,32.5,5910.0
2020-11-23,31.656,33.0,0.0,32.95,6100.0,201000000.0,0.0,0.0,33.0,33.0,32.9,6100.0
2020-11-24,31.272,32.6,-1.2121,32.58,1160.0,37790000.0,0.0,0.0,33.0,33.0,32.5,1160.0
2020-11-25,31.272,32.6,0.0,32.62,16910.0,551660000.0,0.0,0.0,33.0,33.0,32.6,16910.0
2020-11-26,31.272,32.6,0.0,0.0,0.0,0.0,0.0,0.0,32.6,32.6,32.6,0.0
2020-11-27,31.656,33.0,1.227,33.07,70.0,2315000.0,0.0,0.0,33.5,33.5,33.0,70.0
2020-11-30,31.656,33.0,0.0,32.13,2700.0,86763000.0,0.0,0.0,32.05,33.0,32.05,2700.0
2020-12-01,31.176,32.5,-1.5152,32.5,1010.0,32830000.0,0.0,0.0,33.0,33.0,32.5,1010.0
2020-12-02,31.176,32.5,0.0,32.48,1470.0,47743000.0,0.0,0.0,32.5,32.8,32.1,1470.0
2020-12-03,31.176,32.5,0.0,32.11,2270.0,72885000.0,0.0,0.0,32.05,32.5,32.05,2270.0
2020-12-04,31.656,33.0,1.5385,32.49,1040.0,33793000.0,0.0,0.0,32.1,33.0,32.1,1040.0
2020-12-07,31.176,32.5,-1.5152,32.34,2950.0,95405000.0,0.0,0.0,33.0,33.0,32.1,2950.0
2020-12-08,31.176,32.5,0.0,32.51,8940.0,290607500.0,0.0,0.0,32.5,32.8,32.45,8940.0
2020-12-09,31.56,32.9,1.2308,32.73,10840.0,354802000.0,0.0,0.0,32.6,32.9,32.6,10840.0
2020-12-10,32.135,33.5,1.8237,33.08,32610.0,1078849500.0,0.0,0.0,32.85,33.5,32.85,32610.0
2020-12-11,31.847,33.2,-0.8955,33.36,6730.0,224546000.0,79000.0,2646500000.0,33.2,33.5,33.2,85730.0
2020-12-14,31.656,33.0,-0.6024,33.17,350.0,11610000.0,0.0,0.0,33.2,33.2,33.0,350.0
2020-12-15,32.088,33.45,1.3636,33.27,1790.0,59560500.0,0.0,0.0,33.0,33.45,33.0,1790.0
2020-12-16,31.751,33.1,-1.0463,33.17,2630.0,87233000.0,0.0,0.0,33.3,33.3,33.0,2630.0
2020-12-17,30.696,32.0,-3.3233,32.3,13330.0,430499000.0,0.0,0.0,32.6,32.6,32.0,13330.0
2020-12-18,31.944,33.3,4.0625,32.8,9450.0,310004000.0,0.0,0.0,32.6,33.3,32.6,9450.0
2020-12-21,34.15,35.6,6.9069,35.05,23280.0,816036000.0,0.0,0.0,33.0,35.6,33.0,23280.0
2020-12-22,36.5,38.05,6.882,37.75,15240.0,575306000.0,0.0,0.0,36.5,38.05,35.6,15240.0
2020-12-23,36.26,37.8,-0.657,38.65,750.0,28986000.0,0.0,0.0,39.9,39.9,37.5,750.0
2020-12-24,34.726,36.2,-4.2328,36.08,9150.0,330120000.0,0.0,0.0,35.55,38.9,35.55,9150.0
2020-12-25,35.588,37.1,2.4862,37.16,8230.0,305851000.0,0.0,0.0,37.0,38.0,37.0,8230.0
2020-12-28,36.74,38.3,3.2345,36.36,4010.0,145807000.0,0.0,0.0,35.0,38.3,35.0,4010.0
2020-12-29,35.637,37.15,-3.0026,37.55,420.0,15769000.0,0.0,0.0,38.4,38.4,37.15,420.0
2020-12-30,35.781,37.3,0.4038,37.27,6130.0,228462000.0,0.0,0.0,37.1,38.0,37.1,6130.0
2020-12-31,37.411,39.0,4.5576,38.81,6760.0,262352000.0,0.0,0.0,38.9,39.0,37.6,6760.0
2021-01-04,38.371,40.0,2.5641,39.1,5200.0,203340000.0,0.0,0.0,38.0,40.0,37.8,5200.0
2021-01-05,41.057,42.8,7.0,42.68,61800.0,2637545000.0,0.0,0.0,40.05,42.8,40.05,61800.0
2021-01-06,41.344,43.1,0.7009,42.94,15900.0,682680000.0,0.0,0.0,45.0,45.0,42.8,15900.0
2021-01-07,44.222,46.1,6.9606,44.8,25600.0,1146970000.0,0.0,0.0,44.0,46.1,44.0,25600.0
2021-01-08,47.292,49.3,6.9414,48.04,40000.0,1921590000.0,0.0,0.0,46.1,49.3,46.0,40000.0
2021-01-11,44.606,46.5,-5.6795,47.86,3100.0,148360000.0,0.0,0.0,46.05,48.5,46.05,3100.0
2021-01-12,44.702,46.6,0.2151,46.45,14600.0,678100000.0,0.0,0.0,46.5,47.0,43.25,14600.0
2021-01-13,45.182,47.1,1.073,47.91,11500.0,550950000.0,0.0,0.0,46.5,49.8,46.5,11500.0
2021-01-14,47.963,50.0,6.1571,49.15,68200.0,3352190000.0,0.0,0.0,49.9,50.3,47.8,68200.0
2021-01-15,48.923,51.0,2.0,48.31,12500.0,603850000.0,0.0,0.0,50.0,51.0,48.0,12500.0
2021-01-18,48.923,51.0,0.0,51.01,700.0,35710000.0,0.0,0.0,48.1,54.0,48.1,700.0
2021-01-19,45.757,47.7,-6.4706,48.06,2700.0,129750000.0,0.0,0.0,51.0,52.0,47.7,2700.0
2021-01-20,45.757,47.7,0.0,46.35,5900.0,273470000.0,0.0,0.0,44.6,47.8,44.6,5900.0
2021-01-21,44.414,46.3,-2.935,46.84,6400.0,299770000.0,0.0,0.0,45.8,49.9,45.8,6400.0
2021-01-22,41.728,43.5,-6.0475,45.4,11500.0,522080000.0,0.0,0.0,46.3,46.7,43.5,11500.0
2021-01-25,44.606,46.5,6.8966,46.28,16500.0,763540000.0,0.0,0.0,43.5,46.5,43.5,16500.0
2021-01-26,44.702,46.6,0.2151,46.57,11700.0,544910000.0,0.0,0.0,47.0,47.0,46.5,11700.0
2021-01-27,46.044,48.0,3.0043,47.02,26200.0,1231800000.0,0.0,0.0,49.3,49.3,46.6,26200.0
2021-01-28,47.004,49.0,2.0833,48.66,72500.0,3527770000.0,0.0,0.0,51.0,51.0,47.8,72500.0
2021-01-29,48.251,50.3,2.6531,49.98,16800.0,839640000.0,0.0,0.0,49.8,50.8,48.9,16800.0
2021-02-01,47.963,50.0,-0.5964,51.11,2300.0,117560000.0,0.0,0.0,52.5,52.5,49.1,2300.0
2021-02-02,47.963,50.0,0.0,50.1,1000.0,50100000.0,0.0,0.0,50.0,51.0,50.0,1000.0
2021-02-03,49.402,51.5,3.0,50.44,13700.0,691050000.0,0.0,0.0,49.5,51.5,49.5,13700.0
2021-02-04,49.785,51.9,0.7767,51.52,7200.0,370910000.0,0.0,0.0,52.9,52.9,50.0,7200.0
2021-02-05,50.649,52.8,1.7341,52.2,12900.0,673380000.0,0.0,0.0,52.6,52.8,50.5,12900.0
2021-02-08,50.649,52.8,0.0,0.0,0.0,0.0,0.0,0.0,52.8,52.8,52.8,0.0
2021-02-09,53.719,56.0,6.0606,51.41,21700.0,1115550000.0,0.0,0.0,49.2,56.0,49.2,21700.0
2021-02-17,53.719,56.0,0.0,0.0,0.0,0.0,0.0,0.0,56.0,56.0,56.0,0.0
2021-02-18,53.719,56.0,0.0,54.07,1100.0,59480000.0,0.0,0.0,57.5,57.5,53.0,1100.0
2021-02-19,53.527,55.8,-0.3571,56.22,11800.0,663360000.0,0.0,0.0,56.9,57.5,55.0,11800.0
2021-02-22,54.199,56.5,1.2545,55.29,1200.0,66350000.0,0.0,0.0,55.0,57.0,55.0,1200.0
2021-02-23,57.076,59.5,5.3097,58.08,500.0,29040000.0,0.0,0.0,56.5,59.9,56.5,500.0
2021-02-24,54.678,57.0,-4.2017,57.11,2700.0,154200000.0,0.0,0.0,58.0,58.0,56.0,2700.0
2021-02-25,55.637,58.0,1.7544,57.11,3100.0,177050000.0,0.0,0.0,57.0,59.5,57.0,3100.0
2021-02-26,57.364,59.8,3.1034,58.97,1400.0,82560000.0,0.0,0.0,58.3,61.0,56.4,1400.0
2021-03-01,55.254,57.6,-3.6789,60.26,800.0,48210000.0,0.0,0.0,61.0,62.5,57.5,800.0
2021-03-02,55.254,57.6,0.0,59.2,300.0,17760000.0,0.0,0.0,60.0,60.0,57.6,300.0
2021-03-03,55.637,58.0,0.6944,58.47,900.0,52620000.0,0.0,0.0,60.5,60.5,57.7,900.0
2021-03-04,56.596,59.0,1.7241,58.71,1700.0,99810000.0,0.0,0.0,59.8,59.9,58.1,1700.0
2021-03-05,58.515,61.0,3.3898,60.42,900.0,54380000.0,0.0,0.0,62.0,62.0,57.9,900.0
2021-03-08,58.036,60.5,-0.8197,58.8,2700.0,158770000.0,0.0,0.0,58.3,61.0,57.2,2700.0
2021-03-09,58.036,60.5,0.0,58.4,9700.0,566490000.0,0.0,0.0,59.5,60.5,56.3,9700.0
2021-03-10,55.061,57.4,-5.124,57.4,100.0,5740000.0,0.0,0.0,57.4,57.4,57.4,100.0
2021-03-11,55.637,58.0,1.0453,60.21,1900.0,114390000.0,0.0,0.0,60.0,61.2,58.0,1900.0
2021-03-12,56.309,58.7,1.2069,58.36,1900.0,110880000.0,0.0,0.0,59.4,59.4,57.0,1900.0
2021-03-15,56.309,58.7,0.0,58.07,1000.0,58070000.0,20000.0,1092000000.0,58.0,58.7,58.0,21000.0
2021-03-16,55.061,57.4,-2.2147,56.77,700.0,39740000.0,0.0,0.0,58.8,58.8,55.6,700.0
2021-03-17,55.061,57.4,0.0,57.51,1200.0,69010000.0,0.0,0.0,57.4,58.7,57.4,1200.0
2021-03-18,55.829,58.2,1.3937,57.87,2200.0,127320000.0,0.0,0.0,58.4,58.4,56.7,2200.0
2021-03-19,54.87,57.2,-1.7182,58.22,1800.0,104790000.0,0.0,0.0,58.2,59.5,57.2,1800.0
2021-03-22,56.309,58.7,2.6224,57.63,10200.0,587780000.0,0.0,0.0,58.0,59.5,57.2,10200.0
2021-03-23,53.335,55.6,-5.2811,55.6,100.0,5560000.0,0.0,0.0,55.6,55.6,55.6,100.0
2021-03-24,52.76,55.0,-1.0791,56.9,200.0,11380000.0,0.0,0.0,58.8,58.8,55.0,200.0
2021-03-25,56.179,57.5,6.4815,56.89,3800.0,216200000.0,0.0,0.0,57.5,57.5,54.5,3800.0
2021-03-26,56.081,57.4,-0.1739,57.4,200.0,11480000.0,0.0,0.0,57.4,57.4,57.4,200.0
2021-03-29,56.081,57.4,0.0,57.4,2200.0,126280000.0,0.0,0.0,57.4,57.4,57.4,2200.0
2021-03-30,57.645,59.0,2.7875,56.74,5400.0,306390000.0,0.0,0.0,54.1,59.0,54.1,5400.0
2021-03-31,58.133,59.5,0.8475,59.23,1000.0,59230000.0,0.0,0.0,59.9,59.9,59.0,1000.0
2021-04-01,54.225,55.5,-6.7227,55.5,100.0,5550000.0,0.0,0.0,55.5,55.5,55.5,100.0
2021-04-02,56.57,57.9,4.3243,55.58,400.0,22230000.0,0.0,0.0,58.4,58.4,53.0,400.0
2021-04-05,56.57,57.9,0.0,0.0,0.0,0.0,27400.0,1476860000.0,57.9,57.9,57.9,27400.0
2021-04-06,56.961,58.3,0.6908,55.83,400.0,22330000.0,0.0,0.0,55.0,58.3,55.0,400.0
2021-04-07,56.961,58.3,0.0,0.0,0.0,0.0,0.0,0.0,58.3,58.3,58.3,0.0
2021-04-08,56.961,58.3,0.0,0.0,0.0,0.0,0.0,0.0,58.3,58.3,58.3,0.0
2021-04-09,57.058,58.4,0.1715,58.27,600.0,34960000.0,0.0,0.0,58.4,58.4,58.2,600.0
2021-04-12,56.472,57.8,-1.0274,57.27,300.0,17180000.0,0.0,0.0,57.0,57.8,57.0,300.0
2021-04-13,56.081,57.4,-0.692,55.27,300.0,16580000.0,0.0,0.0,54.2,57.4,54.2,300.0
2021-04-14,57.156,58.5,1.9164,58.5,100.0,5850000.0,0.0,0.0,58.5,58.5,58.5,100.0
2021-04-15,56.961,58.3,-0.3419,55.53,400.0,22210000.0,0.0,0.0,54.6,58.3,54.6,400.0
2021-04-16,56.863,58.2,-0.1715,54.33,13000.0,706290000.0,0.0,0.0,54.3,58.2,54.3,13000.0
2021-04-19,56.765,58.1,-0.1718,56.72,7700.0,436780000.0,0.0,0.0,56.4,58.1,56.0,7700.0
2021-04-20,57.645,59.0,1.5491,58.97,1100.0,64870000.0,0.0,0.0,58.9,62.1,57.9,1100.0
2021-04-22,58.426,59.8,1.3559,59.92,600.0,35950000.0,0.0,0.0,60.5,60.5,59.8,600.0
2021-04-23,56.57,57.9,-3.1773,57.01,800.0,45610000.0,0.0,0.0,58.5,58.5,55.7,800.0
2021-04-26,58.426,59.8,3.2815,59.81,1700.0,101680000.0,0.0,0.0,59.0,61.9,59.0,1700.0
2021-04-27,58.426,59.8,0.0,0.0,0.0,0.0,0.0,0.0,59.8,59.8,59.8,0.0
2021-04-28,62.334,63.8,6.689,60.13,7300.0,438970000.0,0.0,0.0,58.9,63.9,58.9,7300.0
2021-04-29,59.599,61.0,-4.3887,60.83,1900.0,115580000.0,0.0,0.0,59.4,61.9,59.4,1900.0
2021-05-04,59.599,61.0,0.0,60.56,500.0,30280000.0,0.0,0.0,59.9,61.0,59.9,500.0
2021-05-05,59.599,61.0,0.0,61.48,2400.0,147540000.0,0.0,0.0,61.0,64.5,60.0,2400.0
2021-05-06,59.11,60.5,-0.8197,58.92,500.0,29460000.0,0.0,0.0,57.1,61.0,57.1,500.0
2021-05-07,58.622,60.0,-0.8264,57.45,3800.0,218300000.0,0.0,0.0,58.0,60.0,56.5,3800.0
2021-05-10,56.57,57.9,-3.5,56.66,900.0,50990000.0,0.0,0.0,56.5,57.9,56.5,900.0
2021-05-11,56.57,57.9,0.0,57.34,4000.0,229350000.0,0.0,0.0,57.0,57.9,57.0,4000.0
2021-05-12,56.375,57.7,-0.3454,57.7,1300.0,75010000.0,0.0,0.0,57.7,57.7,57.7,1300.0
2021-05-13,56.375,57.7,0.0,0.0,0.0,0.0,0.0,0.0,57.7,57.7,57.7,0.0
2021-05-14,58.817,60.2,4.3328,60.2,600.0,36120000.0,0.0,0.0,60.2,60.2,60.2,600.0
2021-05-17,58.817,60.2,0.0,0.0,0.0,0.0,0.0,0.0,60.2,60.2,60.2,0.0
2021-05-18,57.645,59.0,-1.9934,59.0,800.0,47200000.0,0.0,0.0,59.0,59.0,59.0,800.0
2021-05-19,58.426,59.8,1.3559,59.8,100.0,5980000.0,0.0,0.0,59.8,59.8,59.8,100.0
2021-05-20,58.426,59.8,0.0,0.0,0.0,0.0,0.0,0.0,59.8,59.8,59.8,0.0
2021-05-21,58.133,59.5,-0.5017,59.5,200.0,11900000.0,0.0,0.0,59.5,59.5,59.5,200.0
2021-05-24,58.524,59.9,0.6723,59.88,600.0,35930000.0,0.0,0.0,59.8,59.9,59.8,600.0
2021-05-25,55.788,57.1,-4.6745,57.1,200.0,11420000.0,0.0,0.0,57.1,57.1,57.1,200.0
2021-05-26,57.645,59.0,3.3275,55.5,2200.0,122090000.0,0.0,0.0,59.7,59.7,53.2,2200.0
2021-05-27,57.547,58.9,-0.1695,56.95,200.0,11390000.0,0.0,0.0,55.0,58.9,55.0,200.0
2021-05-28,57.547,58.9,0.0,0.0,0.0,0.0,0.0,0.0,58.9,58.9,58.9,0.0
2021-05-31,57.547,58.9,0.0,57.39,3200.0,183650000.0,0.0,0.0,55.5,58.9,55.5,3200.0
2021-06-01,57.547,58.9,0.0,0.0,0.0,0.0,0.0,0.0,58.9,58.9,58.9,0.0
2021-06-02,56.668,58.0,-1.528,56.52,4100.0,231750000.0,0.0,0.0,56.0,58.0,55.1,4100.0
2021-06-03,55.691,57.0,-1.7241,57.73,2600.0,150090000.0,0.0,0.0,57.0,58.7,57.0,2600.0
2021-06-04,57.645,59.0,0.0,57.29,1200.0,68750000.0,0.0,0.0,59.0,59.0,54.9,1200.0
2021-06-07,57.645,59.0,0.0,57.77,1100.0,63550000.0,0.0,0.0,55.4,59.0,55.4,1100.0
2021-06-08,53.639,54.9,-6.9492,55.28,3600.0,199020000.0,0.0,0.0,55.2,55.4,54.9,3600.0
2021-06-09,50.024,51.2,-6.7395,51.6,600.0,30960000.0,0.0,0.0,52.0,52.0,51.2,600.0
2021-06-10,48.851,50.0,-2.3438,50.41,2600.0,131060000.0,0.0,0.0,51.2,54.6,50.0,2600.0
2021-06-11,49.535,50.7,1.4,51.92,5100.0,264770000.0,0.0,0.0,50.0,53.5,47.0,5100.0
2021-06-14,52.369,53.6,5.7199,53.13,5500.0,292200000.0,0.0,0.0,50.9,54.0,50.7,5500.0
2021-06-15,55.104,56.4,5.2239,54.52,2200.0,119940000.0,0.0,0.0,54.0,56.4,54.0,2200.0
2021-06-16,54.323,55.6,-1.4184,54.15,200.0,10830000.0,0.0,0.0,52.7,55.6,52.7,200.0
2021-06-17,55.104,56.4,1.4388,53.83,1800.0,96900000.0,0.0,0.0,53.0,56.4,53.0,1800.0
2021-06-18,56.668,58.0,2.8369,56.07,6000.0,336410000.0,0.0,0.0,53.2,58.0,53.2,6000.0
2021-06-21,56.668,58.0,0.0,57.35,1100.0,63080000.0,0.0,0.0,54.6,58.0,54.6,1100.0
2021-06-22,57.645,59.0,1.7241,57.18,1100.0,62900000.0,0.0,0.0,59.0,59.0,55.0,1100.0
2021-06-23,57.547,58.9,-0.1695,56.32,500.0,28160000.0,0.0,0.0,55.6,58.9,55.6,500.0
2021-06-24,58.524,59.9,1.6978,58.0,1800.0,104400000.0,0.0,0.0,55.1,60.0,55.0,1800.0
2021-06-25,57.352,58.7,-2.0033,57.7,1200.0,69240000.0,0.0,0.0,56.0,59.6,56.0,1200.0
2021-06-28,58.622,60.0,2.2147,58.25,5700.0,332040000.0,0.0,0.0,58.3,60.0,55.2,5700.0
2021-06-29,58.524,59.9,-0.1667,59.2,3200.0,189430000.0,0.0,0.0,60.0,61.5,56.3,3200.0
2021-06-30,58.524,59.9,0.0,59.89,3600.0,215610000.0,0.0,0.0,60.0,60.9,59.7,3600.0
2021-07-01,58.426,59.8,-0.1669,59.81,1300.0,77750000.0,0.0,0.0,59.8,59.9,59.8,1300.0
2021-07-02,58.426,59.8,0.0,59.8,200.0,11960000.0,0.0,0.0,59.8,59.8,59.8,200.0
2021-07-05,58.133,59.5,-0.5017,58.0,1000.0,58000000.0,0.0,0.0,57.0,59.5,57.0,1000.0
2021-07-06,59.11,60.5,1.6807,59.82,500.0,29910000.0,0.0,0.0,61.0,61.0,56.4,500.0
2021-07-07,59.208,60.6,0.1653,59.89,16500.0,988230000.0,0.0,0.0,59.0,60.6,59.0,16500.0
2021-07-08,58.231,59.6,-1.6502,59.5,14600.0,868670000.0,0.0,0.0,62.0,64.8,59.0,14600.0
2021-07-09,61.357,62.8,5.3691,62.79,1500.0,94190000.0,0.0,0.0,62.0,63.5,62.0,1500.0
2021-07-12,60.38,61.8,-1.5924,63.43,1000.0,63430000.0,0.0,0.0,65.0,67.0,58.5,1000.0
2021-07-13,59.599,61.0,-1.2945,61.1,5500.0,336050000.0,0.0,0.0,61.8,66.0,59.7,5500.0
2021-07-14,59.599,61.0,0.0,61.09,2200.0,134400000.0,0.0,0.0,63.0,63.0,61.0,2200.0
2021-07-15,58.622,60.0,-1.6393,60.22,3100.0,186690000.0,0.0,0.0,61.9,61.9,60.0,3100.0
2021-07-16,59.403,60.8,1.3333,59.8,1900.0,113620000.0,0.0,0.0,59.0,63.0,59.0,1900.0
2021-07-19,57.645,59.0,-2.9605,60.7,600.0,36420000.0,0.0,0.0,63.8,63.8,59.0,600.0
2021-07-20,61.553,63.0,6.7797,62.5,200.0,12500000.0,0.0,0.0,62.0,63.0,62.0,200.0
2021-07-21,60.576,62.0,-1.5873,62.16,2300.0,142970000.0,0.0,0.0,62.8,63.9,62.0,2300.0
2021-07-22,59.599,61.0,-1.6129,60.59,3000.0,181770000.0,0.0,0.0,58.2,62.9,58.2,3000.0
2021-07-23,59.99,61.4,0.6557,59.88,1000.0,59880000.0,0.0,0.0,63.8,63.8,59.2,1000.0
2021-07-26,60.967,62.4,1.6287,62.4,100.0,6240000.0,0.0,0.0,62.4,62.4,62.4,100.0
2021-07-27,60.283,61.7,-1.1218,60.79,900.0,54710000.0,0.0,0.0,59.0,61.7,59.0,900.0
2021-07-28,60.283,61.7,0.0,0.0,0.0,0.0,0.0,0.0,61.7,61.7,61.7,0.0
2021-07-29,61.357,62.8,1.7828,62.8,100.0,6280000.0,0.0,0.0,62.8,62.8,62.8,100.0
2021-07-30,60.576,62.0,-1.2739,61.6,15100.0,930220000.0,0.0,0.0,61.5,62.0,61.5,15100.0
2021-08-02,60.478,61.9,-0.1613,60.44,3300.0,199450000.0,0.0,0.0,59.0,61.9,59.0,3300.0
2021-08-03,61.357,62.8,1.454,62.4,200.0,12480000.0,0.0,0.0,62.0,62.8,62.0,200.0
2021-08-04,60.38,61.8,-1.5924,61.8,200.0,12360000.0,0.0,0.0,61.8,61.8,61.8,200.0
2021-08-05,57.84,59.2,-4.2071,59.2,100.0,5920000.0,0.0,0.0,59.2,59.2,59.2,100.0
2021-08-06,59.501,60.9,2.8716,60.04,2100.0,126090000.0,0.0,0.0,60.0,60.9,60.0,2100.0
2021-08-09,59.794,61.2,0.4926,61.2,100.0,6120000.0,0.0,0.0,61.2,61.2,61.2,100.0
2021-08-10,59.794,61.2,0.0,0.0,0.0,0.0,0.0,0.0,61.2,61.2,61.2,0.0
2021-08-11,59.599,61.0,-0.3268,61.0,2900.0,176900000.0,0.0,0.0,61.0,61.0,61.0,2900.0
2021-08-12,59.599,61.0,0.0,60.69,2400.0,145650000.0,0.0,0.0,59.1,61.0,59.1,2400.0
2021-08-13,59.599,61.0,0.0,60.97,3500.0,213400000.0,0.0,0.0,60.9,61.0,60.9,3500.0
2021-08-16,61.553,63.0,3.2787,61.27,30500.0,1868880000.0,0.0,0.0,61.0,63.0,61.0,30500.0
2021-08-17,61.553,63.0,0.0,63.0,14100.0,888280000.0,0.0,0.0,61.5,63.9,61.5,14100.0
2021-08-18,61.944,63.4,0.6349,63.18,5500.0,347480000.0,0.0,0.0,61.2,63.9,61.2,5500.0
2021-08-19,63.018,64.5,1.735,62.9,300.0,18870000.0,0.0,0.0,61.2,64.5,61.2,300.0
2021-08-20,61.553,63.0,-2.3256,62.87,2100.0,132020000.0,0.0,0.0,60.6,64.8,60.6,2100.0
2021-08-23,61.553,63.0,0.0,60.93,7300.0,444770000.0,0.0,0.0,59.5,64.4,59.5,7300.0
2021-08-24,62.432,63.9,1.4286,61.75,200.0,12350000.0,0.0,0.0,59.6,63.9,59.6,200.0
2021-08-25,58.817,60.2,-5.7903,60.27,19300.0,1163260000.0,0.0,0.0,60.2,63.8,60.2,19300.0
2021-08-26,60.478,61.9,2.8239,60.22,75500.0,4546830000.0,0.0,0.0,58.3,63.5,58.3,75500.0
2021-08-27,58.719,60.1,-2.9079,59.94,25300.0,1516400000.0,0.0,0.0,59.1,63.0,59.1,25300.0
2021-08-30,60.38,61.8,2.8286,60.39,44900.0,2711490000.0,0.0,0.0,61.0,61.8,60.1,44900.0
2021-08-31,64.386,65.9,6.6343,63.25,7800.0,493380000.0,0.0,0.0,60.2,66.0,60.2,7800.0
2021-09-01,62.041,63.5,-3.6419,63.35,11600.0,734860000.0,0.0,0.0,62.1,65.0,61.3,11600.0
2021-09-06,63.311,64.8,2.0472,63.55,5000.0,317750000.0,0.0,0.0,61.0,65.0,61.0,5000.0
2021-09-07,62.823,64.3,-0.7716,61.62,6300.0,388180000.0,79000.0,4763700000.0,61.6,64.9,60.3,85300.0
2021-09-08,62.53,64.0,-0.4666,62.7,500.0,31350000.0,0.0,0.0,60.8,64.7,60.8,500.0
2021-09-09,62.139,63.6,-0.625,62.53,2900.0,181350000.0,0.0,0.0,61.8,64.4,61.1,2900.0
2021-09-10,65.559,67.1,5.5031,63.34,28000.0,1773590000.0,0.0,0.0,61.0,67.1,61.0,28000.0
2021-09-13,63.409,64.9,-3.2787,62.83,76400.0,4800130000.0,0.0,0.0,62.7,67.5,62.5,76400.0
2021-09-14,63.311,64.8,-0.1541,64.33,900.0,57900000.0,0.0,0.0,62.0,64.8,62.0,900.0
2021-09-15,63.116,64.6,-0.3086,63.65,1100.0,70020000.0,0.0,0.0,62.3,64.6,62.3,1100.0
2021-09-16,62.139,63.6,-1.548,63.25,2100.0,132830000.0,0.0,0.0,62.5,64.3,62.5,2100.0
2021-09-17,65.07,66.6,4.717,63.94,8700.0,556320000.0,0.0,0.0,62.1,66.6,62.1,8700.0
2021-09-20,63.8,65.3,-1.952,63.93,1200.0,76710000.0,0.0,0.0,63.1,66.3,63.0,1200.0
2021-09-21,62.0,62.0,-2.8213,62.79,3800.0,238600000.0,0.0,0.0,63.8,65.3,62.0,3800.0
2021-09-22,64.2,64.2,3.5484,63.42,2800.0,177570000.0,0.0,0.0,63.9,64.2,61.8,2800.0
2021-09-23,64.1,64.1,-0.1558,63.33,300.0,19000000.0,0.0,0.0,64.1,64.1,61.8,300.0
2021-09-24,63.8,63.8,-0.468,62.89,900.0,56600000.0,0.0,0.0,61.8,63.8,61.7,900.0
2021-09-27,62.3,62.3,-2.3511,61.72,14600.0,901120000.0,0.0,0.0,61.8,62.3,61.6,14600.0
2021-09-28,62.9,62.9,0.9631,61.88,2900.0,179440000.0,0.0,0.0,61.9,62.9,60.3,2900.0
2021-09-29,64.4,64.4,2.3847,64.75,3500.0,226630000.0,0.0,0.0,63.8,66.9,63.8,3500.0
2021-09-30,64.4,64.4,0.0,64.15,1300.0,83390000.0,0.0,0.0,63.7,64.4,63.7,1300.0
2021-10-01,63.0,63.0,-2.1739,64.25,1700.0,109220000.0,0.0,0.0,64.3,67.1,63.0,1700.0
2021-10-04,64.7,64.7,2.6984,61.91,1500.0,92860000.0,0.0,0.0,61.3,64.9,61.3,1500.0
2021-10-05,64.6,64.6,-0.1546,64.6,100.0,6460000.0,0.0,0.0,64.6,64.6,64.6,100.0
2021-10-06,64.5,64.5,-0.1548,61.82,3300.0,204010000.0,0.0,0.0,62.0,64.5,60.1,3300.0
2021-10-07,64.4,64.4,-0.155,64.29,700.0,45000000.0,0.0,0.0,64.2,64.4,64.2,700.0
2021-10-08,64.5,64.5,0.1553,63.15,7800.0,492570000.0,0.0,0.0,63.0,64.5,63.0,7800.0
2021-10-11,63.8,63.8,-1.0853,62.65,1700.0,106500000.0,0.0,0.0,62.1,63.8,62.0,1700.0
2021-10-12,63.7,63.7,-0.1567,61.46,2400.0,147500000.0,0.0,0.0,62.0,63.7,61.1,2400.0
2021-10-13,63.0,63.0,-1.0989,62.06,3500.0,217200000.0,0.0,0.0,61.7,63.0,61.6,3500.0
2021-10-14,63.0,63.0,0.0,63.15,200.0,12630000.0,0.0,0.0,63.3,63.3,63.0,200.0
2021-10-15,62.9,62.9,-0.1587,61.63,1100.0,67790000.0,0.0,0.0,61.5,62.9,61.5,1100.0
2021-10-18,62.8,62.8,-0.159,62.61,3700.0,231640000.0,0.0,0.0,63.8,63.8,61.3,3700.0
2021-10-19,62.8,62.8,0.0,0.0,0.0,0.0,0.0,0.0,62.8,62.8,62.8,0.0
2021-10-20,62.9,62.9,0.1592,61.98,1000.0,61980000.0,0.0,0.0,63.4,63.4,61.6,1000.0
2021-10-21,61.8,61.8,-1.7488,62.1,2200.0,136630000.0,0.0,0.0,62.0,63.4,61.7,2200.0
2021-10-22,62.8,62.8,1.6181,61.65,1800.0,110970000.0,0.0,0.0,61.0,63.0,61.0,1800.0
2021-10-25,62.8,62.8,0.0,0.0,0.0,0.0,0.0,0.0,62.8,62.8,62.8,0.0
2021-10-26,62.6,62.6,-0.3185,61.07,300.0,18320000.0,0.0,0.0,60.3,62.6,60.3,300.0
2021-10-27,62.3,62.3,-0.4792,61.58,500.0,30790000.0,0.0,0.0,61.1,62.3,61.1,500.0
2021-10-28,64.5,64.5,3.5313,61.68,10100.0,622940000.0,0.0,0.0,62.2,64.5,61.0,10100.0
2021-10-29,69.0,69.0,6.9767,66.02,59600.0,3934550000.0,0.0,0.0,62.6,69.0,62.5,59600.0
2021-11-01,70.0,70.0,1.4493,69.16,9100.0,629360000.0,0.0,0.0,68.8,73.7,68.8,9100.0
2021-11-02,74.0,74.0,5.7143,71.34,5600.0,399500000.0,0.0,0.0,70.0,74.0,70.0,5600.0
2021-11-03,73.9,73.9,-0.1351,71.78,800.0,57420000.0,0.0,0.0,70.0,74.0,70.0,800.0
2021-11-04,72.0,72.0,-2.571,71.29,6300.0,449110000.0,0.0,0.0,69.4,72.0,69.3,6300.0
2021-11-05,71.9,71.9,-0.1389,70.58823529,40800.0,2880000000.0,0.0,0.0,71.9,71.9,70.1,40800.0
2021-11-08,72.0,72.0,0.1391,71.63,35800.0,2564290000.0,0.0,0.0,67.6,72.0,67.6,35800.0
2021-11-09,71.5,71.5,-0.6944,71.04,18900.0,1342630000.0,0.0,0.0,72.0,72.0,70.2,18900.0
2021-11-10,71.5,71.5,0.0,71.82,18000.0,1292820000.0,0.0,0.0,71.5,72.8,71.5,18000.0
2021-11-11,71.5,71.5,0.0,71.52,47100.0,3368530000.0,0.0,0.0,71.6,71.9,71.3,47100.0
2021-11-12,72.0,72.0,0.6993,71.78,4400.0,315820000.0,0.0,0.0,71.5,72.1,71.5,4400.0
2021-11-15,77.0,77.0,6.9444,75.26,80500.0,6058240000.0,0.0,0.0,72.7,77.0,71.5,80500.0
2021-11-16,77.5,77.5,0.6494,76.78,6300.0,483700000.0,99000.0,7227000000.0,72.6,81.9,72.6,105300.0
2021-11-17,80.4,80.4,3.7419,79.49,1600.0,127190000.0,0.0,0.0,73.7,81.4,73.7,1600.0
2021-11-18,80.0,80.0,-0.4975,79.5,11400.0,906280000.0,0.0,0.0,75.0,80.3,75.0,11400.0
2021-11-19,80.0,80.0,0.0,79.46,21400.0,1700420000.0,0.0,0.0,76.1,84.9,76.1,21400.0
2021-11-22,78.6,78.6,-1.75,79.58,13000.0,1034580000.0,0.0,0.0,76.0,85.5,76.0,13000.0
2021-11-23,78.0,78.0,-0.7634,77.54,3500.0,271390000.0,0.0,0.0,75.2,80.0,75.2,3500.0
2021-11-24,78.6,78.6,0.7692,78.15,3800.0,296980000.0,0.0,0.0,78.0,79.7,78.0,3800.0
2021-11-25,79.8,79.8,1.5267,78.94,4700.0,371030000.0,0.0,0.0,79.9,79.9,78.0,4700.0
2021-11-26,79.6,79.6,-0.2506,79.23,400.0,31690000.0,0.0,0.0,79.8,79.8,78.5,400.0
2021-11-29,81.8,81.8,2.7638,79.30555556,7200.0,571000000.0,0.0,0.0,76.5,85.0,76.5,7200.0
