2013-01-02,3.811,7.0,4.4776,6.9,12700.0,88070000.0,0.0,0.0,6.4,7.0,6.4,12700.0
2013-01-03,4.029,7.4,7.2464,6.8,22000.0,149600000.0,0.0,0.0,6.3,7.4,6.3,22000.0
2013-01-04,3.92,7.2,5.8824,7.2,600.0,4320000.0,0.0,0.0,7.2,7.2,7.2,600.0
2013-01-07,3.975,7.3,1.3889,7.3,6000.0,43500000.0,0.0,0.0,7.2,7.3,7.2,6000.0
2013-01-08,3.92,7.2,-1.3699,7.3,17800.0,129800000.0,0.0,0.0,6.6,7.3,6.6,17800.0
2013-01-09,3.975,7.3,0.0,7.3,0.0,0.0,0.0,0.0,7.3,7.3,7.3,0.0
2013-01-10,3.703,6.8,-6.8493,6.8,13800.0,93950000.0,0.0,0.0,6.7,7.0,6.7,13800.0
2013-01-11,3.539,6.5,-4.4118,6.5,7000.0,45700000.0,0.0,0.0,6.6,6.6,6.5,7000.0
2013-01-14,3.811,7.0,7.6923,7.0,6500.0,45500000.0,0.0,0.0,7.0,7.0,7.0,6500.0
2013-01-15,3.539,6.5,-7.1429,6.6,10100.0,67140000.0,0.0,0.0,6.4,6.8,6.4,10100.0
2013-01-16,3.811,7.0,6.0606,7.0,3500.0,24500000.0,0.0,0.0,7.0,7.0,7.0,3500.0
2013-01-17,3.811,7.0,0.0,7.0,10000.0,70000000.0,0.0,0.0,7.0,7.0,7.0,10000.0
2013-01-18,3.811,7.0,0.0,6.8,12100.0,82700000.0,0.0,0.0,6.5,7.0,6.5,12100.0
2013-01-21,3.648,6.7,-1.4706,6.7,100.0,670000.0,0.0,0.0,6.7,6.7,6.7,100.0
2013-01-22,3.648,6.7,0.0,6.7,1000.0,6700000.0,0.0,0.0,6.7,6.7,6.7,1000.0
2013-01-23,3.757,6.9,2.9851,6.9,26400.0,182800000.0,0.0,0.0,7.0,7.0,6.9,26400.0
2013-01-24,3.811,7.0,1.4493,7.0,6600.0,46200000.0,0.0,0.0,7.0,7.0,7.0,6600.0
2013-01-25,3.811,7.0,0.0,7.0,18000.0,125500000.0,0.0,0.0,6.8,7.0,6.8,18000.0
2013-01-28,3.811,7.0,0.0,7.0,30000.0,209000000.0,0.0,0.0,7.0,7.0,6.9,30000.0
2013-01-29,3.811,7.0,0.0,7.0,21900.0,153300000.0,0.0,0.0,7.0,7.0,7.0,21900.0
2013-01-30,3.866,7.1,1.4286,7.1,1000.0,7100000.0,0.0,0.0,7.1,7.1,7.1,1000.0
2013-01-31,3.92,7.2,1.4085,7.2,1400.0,10080000.0,0.0,0.0,7.2,7.2,7.2,1400.0
2013-02-01,3.975,7.3,1.3889,7.3,8000.0,58400000.0,0.0,0.0,7.3,7.3,7.3,8000.0
2013-02-04,3.975,7.3,0.0,7.3,5000.0,36500000.0,0.0,0.0,7.3,7.3,7.3,5000.0
2013-02-05,4.083,7.5,2.7397,7.4,14000.0,103680000.0,0.0,0.0,7.3,7.5,7.3,14000.0
2013-02-06,4.139,7.6,2.7027,7.6,28900.0,219640000.0,0.0,0.0,7.6,7.6,7.6,28900.0
2013-02-07,4.192,7.7,1.3158,7.6,13200.0,100940000.0,0.0,0.0,7.6,7.7,7.6,13200.0
2013-02-08,4.246,7.8,0.0,7.8,20000.0,156000000.0,0.0,0.0,7.8,7.8,7.8,20000.0
2013-02-18,4.301,7.9,1.2821,7.8,22000.0,172600000.0,0.0,0.0,7.8,7.9,7.8,22000.0
2013-02-19,4.301,7.9,1.2821,8.0,30400.0,242820000.0,0.0,0.0,8.0,8.0,7.9,30400.0
2013-02-20,4.301,7.9,-1.25,8.0,200.0,1580000.0,0.0,0.0,7.9,7.9,7.9,200.0
2013-02-21,4.301,7.9,0.0,7.9,38000.0,300200000.0,0.0,0.0,7.9,7.9,7.9,38000.0
2013-02-22,4.246,7.8,-1.2658,7.8,7100.0,55380000.0,0.0,0.0,7.8,7.8,7.8,7100.0
2013-02-25,4.246,7.8,0.0,7.8,9000.0,70000000.0,0.0,0.0,7.7,7.8,7.7,9000.0
2013-02-26,4.246,7.8,0.0,7.9,1700.0,13350000.0,0.0,0.0,8.0,8.0,7.8,1700.0
2013-02-27,4.246,7.8,-1.2658,7.8,900.0,7020000.0,0.0,0.0,7.8,7.8,7.8,900.0
2013-02-28,4.246,7.8,0.0,7.8,5500.0,42900000.0,0.0,0.0,7.8,7.8,7.8,5500.0
2013-03-01,4.246,7.8,0.0,7.8,0.0,0.0,0.0,0.0,7.8,7.8,7.8,0.0
2013-03-04,4.083,7.5,-3.8462,7.5,5000.0,37500000.0,3000.0,21300000.0,7.5,7.5,7.5,8000.0
2013-03-05,4.083,7.5,0.0,7.5,300.0,2250000.0,0.0,0.0,7.5,7.5,7.5,300.0
2013-03-06,4.083,7.5,0.0,7.5,11600.0,87000000.0,0.0,0.0,7.5,7.5,7.5,11600.0
2013-03-07,4.029,7.4,-1.3333,7.4,4200.0,31080000.0,0.0,0.0,7.4,7.4,7.4,4200.0
2013-03-08,4.083,7.5,1.3514,7.5,7800.0,58500000.0,0.0,0.0,7.5,7.5,7.5,7800.0
2013-03-11,4.029,7.4,-1.3333,7.4,4000.0,29600000.0,0.0,0.0,7.4,7.4,7.4,4000.0
2013-03-12,4.029,7.4,0.0,7.4,5700.0,42180000.0,0.0,0.0,7.4,7.4,7.4,5700.0
2013-03-13,3.975,7.3,-1.3514,7.4,2000.0,14750000.0,0.0,0.0,7.4,7.4,7.3,2000.0
2013-03-14,4.029,7.4,0.0,7.4,13000.0,96700000.0,0.0,0.0,7.4,7.5,7.4,13000.0
2013-03-15,4.083,7.5,1.3514,7.4,12500.0,92650000.0,0.0,0.0,7.4,7.5,7.4,12500.0
2013-03-18,4.029,7.4,0.0,7.4,0.0,0.0,0.0,0.0,7.4,7.4,7.4,0.0
2013-03-19,4.083,7.5,1.3514,7.4,5700.0,42380000.0,0.0,0.0,7.4,7.5,7.4,5700.0
2013-03-20,3.975,7.3,-1.3514,7.4,19000.0,140900000.0,0.0,0.0,7.4,7.5,7.3,19000.0
2013-03-21,4.029,7.4,0.0,7.4,0.0,0.0,0.0,0.0,7.4,7.4,7.4,0.0
2013-03-22,4.192,7.7,4.0541,7.7,3000.0,23100000.0,0.0,0.0,7.7,7.7,7.7,3000.0
2013-03-25,4.083,7.5,-2.5974,7.5,10700.0,80320000.0,0.0,0.0,7.6,7.6,7.5,10700.0
2013-03-26,4.083,7.5,0.0,7.5,800.0,6000000.0,0.0,0.0,7.5,7.5,7.5,800.0
2013-03-27,4.083,7.5,0.0,7.5,0.0,0.0,0.0,0.0,7.5,7.5,7.5,0.0
2013-03-28,4.083,7.5,0.0,7.5,2000.0,15000000.0,0.0,0.0,7.5,7.5,7.5,2000.0
2013-03-29,4.029,7.4,-1.3333,7.4,5000.0,37070000.0,0.0,0.0,7.5,7.5,7.4,5000.0
2013-04-01,4.139,7.6,2.7027,7.6,100.0,760000.0,0.0,0.0,7.6,7.6,7.6,100.0
2013-04-02,4.139,7.6,0.0,7.6,500.0,3800000.0,0.0,0.0,7.6,7.6,7.6,500.0
2013-04-03,4.139,7.6,0.0,7.6,0.0,0.0,0.0,0.0,7.6,7.6,7.6,0.0
2013-04-04,4.356,8.0,5.2632,7.9,11000.0,87000000.0,0.0,0.0,7.9,8.0,7.9,11000.0
2013-04-05,4.356,8.0,1.2658,8.0,16200.0,129010000.0,0.0,0.0,7.9,8.0,7.9,16200.0
2013-04-08,4.301,7.9,-1.25,8.0,10200.0,81100000.0,0.0,0.0,8.0,8.0,7.9,10200.0
2013-04-09,4.356,8.0,0.0,8.0,43900.0,351200000.0,0.0,0.0,8.0,8.0,8.0,43900.0
2013-04-10,4.301,7.9,-1.25,7.9,5000.0,39500000.0,0.0,0.0,7.9,7.9,7.9,5000.0
2013-04-11,4.301,7.9,0.0,7.9,1800.0,14220000.0,0.0,0.0,7.9,7.9,7.9,1800.0
2013-04-12,4.192,7.7,-2.5316,7.8,12400.0,96880000.0,0.0,0.0,7.8,7.9,7.7,12400.0
2013-04-15,4.192,7.7,-1.2821,7.7,3700.0,28490000.0,0.0,0.0,7.7,7.7,7.7,3700.0
2013-04-16,4.246,7.8,1.2987,7.8,9000.0,70000000.0,0.0,0.0,7.8,7.8,7.7,9000.0
2013-04-17,4.301,7.9,1.2821,7.9,5000.0,39500000.0,0.0,0.0,7.9,7.9,7.9,5000.0
2013-04-18,4.301,7.9,0.0,7.9,0.0,0.0,0.0,0.0,7.9,7.9,7.9,0.0
2013-04-22,4.301,7.9,0.0,7.9,2000.0,15800000.0,0.0,0.0,7.9,7.9,7.9,2000.0
2013-04-23,4.356,8.0,1.2658,8.0,2000.0,16000000.0,0.0,0.0,8.0,8.0,8.0,2000.0
2013-04-24,4.356,8.0,0.0,8.0,2000.0,16000000.0,0.0,0.0,8.0,8.0,8.0,2000.0
2013-04-25,4.356,8.0,0.0,8.0,0.0,0.0,0.0,0.0,8.0,8.0,8.0,0.0
2013-04-26,4.356,8.0,0.0,8.0,0.0,0.0,0.0,0.0,8.0,8.0,8.0,0.0
2013-05-02,4.246,7.8,-2.5,7.8,3000.0,23400000.0,0.0,0.0,7.8,7.8,7.8,3000.0
2013-05-03,4.246,7.8,0.0,7.8,0.0,0.0,0.0,0.0,7.8,7.8,7.8,0.0
2013-05-06,4.246,7.8,0.0,7.8,0.0,0.0,0.0,0.0,7.8,7.8,7.8,0.0
2013-05-07,4.246,7.8,0.0,7.8,1000.0,7800000.0,0.0,0.0,7.8,7.8,7.8,1000.0
2013-05-08,4.246,7.8,0.0,7.8,0.0,0.0,0.0,0.0,7.8,7.8,7.8,0.0
2013-05-09,4.246,7.8,0.0,7.8,0.0,0.0,0.0,0.0,7.8,7.8,7.8,0.0
2013-05-10,4.356,8.0,2.5641,7.9,11000.0,87000000.0,0.0,0.0,7.9,8.0,7.9,11000.0
2013-05-13,4.246,7.8,-1.2658,7.8,2900.0,22530000.0,0.0,0.0,7.8,7.8,7.7,2900.0
2013-05-14,4.246,7.8,0.0,7.8,0.0,0.0,0.0,0.0,7.8,7.8,7.8,0.0
2013-05-15,4.192,7.7,-1.2821,7.6,20000.0,152000000.0,0.0,0.0,7.5,7.7,7.5,20000.0
2013-05-16,4.139,7.6,0.0,7.6,0.0,0.0,10000.0,70000000.0,7.6,7.6,7.6,10000.0
2013-05-17,4.139,7.6,0.0,7.6,0.0,0.0,0.0,0.0,7.6,7.6,7.6,0.0
2013-05-20,4.139,7.6,0.0,7.6,5300.0,40430000.0,0.0,0.0,8.0,8.0,7.6,5300.0
2013-05-21,4.301,7.9,3.9474,7.9,1200.0,9500000.0,0.0,0.0,8.0,8.0,7.9,1200.0
2013-05-22,4.356,8.0,1.2658,8.0,500.0,4000000.0,0.0,0.0,8.0,8.0,8.0,500.0
2013-05-23,4.301,7.9,-1.25,7.9,10000.0,79000000.0,0.0,0.0,7.9,7.9,7.9,10000.0
2013-05-24,4.356,8.0,1.2658,7.9,1000.0,8000000.0,0.0,0.0,8.0,8.0,8.0,1000.0
2013-05-27,4.356,8.0,0.0,8.0,2700.0,21540000.0,0.0,0.0,8.0,8.0,7.6,2700.0
2013-05-28,4.356,8.0,0.0,8.0,200.0,1590000.0,0.0,0.0,7.9,8.0,7.9,200.0
2013-05-29,4.411,8.1,1.25,8.1,300.0,2430000.0,0.0,0.0,8.1,8.1,8.1,300.0
2013-05-30,4.411,8.1,0.0,8.1,0.0,0.0,0.0,0.0,8.1,8.1,8.1,0.0
2013-05-31,4.411,8.1,0.0,8.1,0.0,0.0,0.0,0.0,8.1,8.1,8.1,0.0
2013-06-03,4.411,8.1,0.0,8.1,0.0,0.0,0.0,0.0,8.1,8.1,8.1,0.0
2013-06-04,4.139,7.6,-6.1728,7.7,6300.0,48270000.0,0.0,0.0,7.9,7.9,7.6,6300.0
2013-06-05,4.192,7.7,0.0,7.7,1600.0,12320000.0,0.0,0.0,7.7,7.7,7.7,1600.0
2013-06-06,4.192,7.7,0.0,7.7,100.0,770000.0,0.0,0.0,7.7,7.7,7.7,100.0
2013-06-07,4.192,7.7,0.0,7.7,0.0,0.0,0.0,0.0,7.7,7.7,7.7,0.0
2013-06-10,4.246,7.8,1.2987,7.8,24200.0,187750000.0,0.0,0.0,7.3,8.0,7.2,24200.0
2013-06-11,4.246,7.8,0.0,7.8,0.0,0.0,0.0,0.0,7.8,7.8,7.8,0.0
2013-06-12,4.301,7.9,1.2821,7.8,3000.0,23500000.0,0.0,0.0,7.8,7.9,7.8,3000.0
2013-06-13,4.246,7.8,0.0,7.8,4300.0,33540000.0,0.0,0.0,7.8,7.8,7.8,4300.0
2013-06-14,4.356,8.0,2.5641,7.9,8100.0,63800000.0,0.0,0.0,7.8,8.0,7.8,8100.0
2013-06-17,4.301,7.9,0.0,7.9,0.0,0.0,0.0,0.0,7.9,7.9,7.9,0.0
2013-06-18,4.301,7.9,0.0,7.9,0.0,0.0,0.0,0.0,7.9,7.9,7.9,0.0
2013-06-19,4.246,7.8,-1.2658,7.8,1000.0,7800000.0,0.0,0.0,7.8,7.8,7.8,1000.0
2013-06-20,4.246,7.8,0.0,7.8,6200.0,48360000.0,0.0,0.0,7.8,7.8,7.8,6200.0
2013-06-21,4.246,7.8,0.0,7.8,0.0,0.0,0.0,0.0,7.8,7.8,7.8,0.0
2013-06-24,4.356,8.0,2.5641,7.9,200.0,1580000.0,0.0,0.0,7.8,8.0,7.8,200.0
2013-06-25,4.192,7.7,-2.5316,7.7,13300.0,102740000.0,0.0,0.0,7.8,7.8,7.7,13300.0
2013-06-26,4.192,7.7,0.0,7.7,1000.0,7700000.0,0.0,0.0,7.7,7.7,7.7,1000.0
2013-06-27,4.246,7.8,1.2987,7.8,1200.0,9360000.0,0.0,0.0,7.8,7.8,7.8,1200.0
2013-06-28,4.301,7.9,1.2821,7.9,200.0,1580000.0,0.0,0.0,7.9,7.9,7.9,200.0
2013-07-01,4.301,7.9,0.0,7.9,10000.0,79000000.0,0.0,0.0,7.9,7.9,7.9,10000.0
2013-07-02,4.301,7.9,0.0,7.9,0.0,0.0,0.0,0.0,7.9,7.9,7.9,0.0
2013-07-03,4.301,7.9,0.0,8.0,35800.0,284900000.0,0.0,0.0,8.0,8.0,7.9,35800.0
2013-07-04,4.301,7.9,-1.25,7.9,16200.0,127980000.0,0.0,0.0,7.9,7.9,7.9,16200.0
2013-07-05,4.301,7.9,0.0,7.9,4200.0,33180000.0,0.0,0.0,7.9,7.9,7.9,4200.0
2013-07-08,4.301,7.9,0.0,7.9,900.0,7110000.0,0.0,0.0,7.9,7.9,7.9,900.0
2013-07-09,4.301,7.9,0.0,7.9,2300.0,18170000.0,0.0,0.0,7.9,7.9,7.9,2300.0
2013-07-10,4.301,7.9,0.0,8.0,2800.0,22330000.0,0.0,0.0,8.0,8.0,7.9,2800.0
2013-07-11,4.356,8.0,0.0,8.0,0.0,0.0,0.0,0.0,8.0,8.0,8.0,0.0
2013-07-12,4.411,8.1,1.25,8.0,300.0,2430000.0,0.0,0.0,8.1,8.1,8.1,300.0
2013-07-15,4.465,8.2,1.2346,8.2,300.0,2460000.0,0.0,0.0,8.2,8.2,8.2,300.0
2013-07-16,4.465,8.2,0.0,8.2,6200.0,50650000.0,0.0,0.0,8.1,8.2,8.1,6200.0
2013-07-17,4.465,8.2,0.0,8.2,0.0,0.0,0.0,0.0,8.2,8.2,8.2,0.0
2013-07-18,4.465,8.2,0.0,8.2,0.0,0.0,0.0,0.0,8.2,8.2,8.2,0.0
2013-07-19,4.465,8.2,0.0,8.2,0.0,0.0,0.0,0.0,8.2,8.2,8.2,0.0
2013-07-22,4.465,8.2,0.0,8.2,0.0,0.0,0.0,0.0,8.2,8.2,8.2,0.0
2013-07-23,4.465,8.2,0.0,8.2,11700.0,95940000.0,0.0,0.0,8.2,8.2,8.2,11700.0
2013-07-24,4.465,8.2,0.0,8.2,3200.0,26240000.0,0.0,0.0,8.2,8.2,8.2,3200.0
2013-07-25,4.465,8.2,0.0,8.2,0.0,0.0,0.0,0.0,8.2,8.2,8.2,0.0
2013-07-26,4.465,8.2,0.0,8.2,13000.0,106600000.0,0.0,0.0,8.2,8.2,8.2,13000.0
2013-07-29,4.465,8.2,0.0,8.2,5000.0,41000000.0,0.0,0.0,8.2,8.2,8.2,5000.0
2013-07-30,4.465,8.2,0.0,8.2,0.0,0.0,0.0,0.0,8.2,8.2,8.2,0.0
2013-07-31,4.791,8.8,0.0,8.8,0.0,0.0,0.0,0.0,8.8,8.8,8.8,0.0
2013-08-01,4.791,8.8,0.0,8.8,0.0,0.0,0.0,0.0,8.8,8.8,8.8,0.0
2013-08-02,4.465,8.2,0.0,8.2,0.0,0.0,0.0,0.0,8.2,8.2,8.2,0.0
2013-08-05,4.573,8.4,0.0,8.4,0.0,0.0,0.0,0.0,8.4,8.4,8.4,0.0
2013-08-06,4.573,8.4,0.0,8.4,0.0,0.0,0.0,0.0,8.4,8.4,8.4,0.0
2013-08-07,4.573,8.4,0.0,8.4,0.0,0.0,0.0,0.0,8.4,8.4,8.4,0.0
2013-08-08,4.737,8.7,0.0,8.7,0.0,0.0,0.0,0.0,8.7,8.7,8.7,0.0
2013-08-09,4.627,8.5,0.0,8.5,0.0,0.0,0.0,0.0,8.5,8.5,8.5,0.0
2013-08-12,4.573,8.4,-1.1765,8.4,200.0,1680000.0,0.0,0.0,8.4,8.4,8.4,200.0
2013-08-13,4.683,8.6,2.381,8.6,3900.0,33540000.0,0.0,0.0,8.6,8.6,8.6,3900.0
2013-08-14,4.979,8.4,6.3291,8.439,48000.0,405090000.0,0.0,0.0,8.4,8.5,8.4,48000.0
2013-08-15,4.979,8.4,0.0,8.4,200.0,1680000.0,0.0,0.0,8.4,8.4,8.4,200.0
2013-08-16,4.979,8.4,0.0,8.4,0.0,0.0,0.0,0.0,8.4,8.4,8.4,0.0
2013-08-19,4.979,8.4,0.0,8.4,0.0,0.0,13420.0,10199200.0,8.4,8.4,8.4,13420.0
2013-08-20,4.979,8.4,0.0,8.4,0.0,0.0,0.0,0.0,8.4,8.4,8.4,0.0
2013-08-21,4.979,8.4,0.0,8.4,0.0,0.0,0.0,0.0,8.4,8.4,8.4,0.0
2013-08-22,4.979,8.4,0.0,8.4,0.0,0.0,0.0,0.0,8.4,8.4,8.4,0.0
2013-08-23,4.979,8.4,0.0,8.4,0.0,0.0,0.0,0.0,8.4,8.4,8.4,0.0
2013-08-26,4.979,8.4,0.0,8.4,0.0,0.0,0.0,0.0,8.4,8.4,8.4,0.0
2013-08-27,4.979,8.4,0.0,8.4,0.0,0.0,0.0,0.0,8.4,8.4,8.4,0.0
2013-08-28,4.801,8.1,-3.5714,8.1,3000.0,24300000.0,0.0,0.0,8.1,8.1,8.1,3000.0
2013-08-29,4.801,8.1,0.0,8.1,5000.0,40500000.0,0.0,0.0,8.1,8.1,8.1,5000.0
2013-08-30,4.86,8.2,1.2346,8.2,100.0,820000.0,0.0,0.0,8.2,8.2,8.2,100.0
2013-09-03,4.801,8.1,-1.2195,8.1,2600.0,21060000.0,0.0,0.0,8.1,8.1,8.1,2600.0
2013-09-04,4.683,7.3,-9.8765,7.905,31500.0,249000000.0,0.0,0.0,8.0,8.0,7.9,31500.0
2013-09-05,4.683,7.9,0.0,7.919,3710.0,29379000.0,0.0,0.0,8.0,8.0,7.9,3710.0
2013-09-06,4.683,7.9,0.0,7.9,0.0,0.0,0.0,0.0,7.9,7.9,7.9,0.0
2013-09-09,4.683,7.9,0.0,7.9,100.0,790000.0,0.0,0.0,7.9,7.9,7.9,100.0
2013-09-10,4.683,7.9,0.0,7.9,2500.0,19750000.0,0.0,0.0,7.9,7.9,7.9,2500.0
2013-09-11,4.268,7.2,-8.8608,7.2,100.0,720000.0,0.0,0.0,7.2,7.2,7.2,100.0
2013-09-12,4.328,7.3,1.3889,7.3,50000.0,365000000.0,0.0,0.0,7.3,7.3,7.3,50000.0
2013-09-13,4.328,7.3,0.0,7.3,0.0,0.0,0.0,0.0,7.3,7.3,7.3,0.0
2013-09-16,4.328,7.3,0.0,7.3,0.0,0.0,0.0,0.0,7.3,7.3,7.3,0.0
2013-09-17,4.328,7.3,0.0,7.3,100.0,730000.0,0.0,0.0,7.3,7.3,7.3,100.0
2013-09-18,4.328,7.3,0.0,7.3,1000.0,7300000.0,0.0,0.0,7.3,7.3,7.3,1000.0
2013-09-19,4.386,7.4,1.3699,7.302,4110.0,30015000.0,0.0,0.0,7.3,7.4,7.3,4110.0
2013-09-20,4.683,7.4,1.3699,7.362,3900.0,28710000.0,0.0,0.0,7.5,7.9,7.3,3900.0
2013-09-23,4.683,7.2,-2.7027,7.17,12000.0,86040000.0,0.0,0.0,7.3,7.9,7.0,12000.0
2013-09-24,4.268,7.2,0.0,7.2,0.0,0.0,5000.0,32500000.0,7.2,7.2,7.2,5000.0
2013-09-25,4.624,7.8,8.3333,7.8,1000.0,7800000.0,10000.0,65000000.0,7.8,7.8,6.5,11000.0
2013-09-26,4.624,7.8,0.0,7.8,200.0,1560000.0,0.0,0.0,7.8,7.8,7.8,200.0
2013-09-27,4.386,7.6,-2.5641,7.605,6000.0,45630000.0,0.0,0.0,7.7,7.7,7.4,6000.0
2013-09-30,4.445,7.5,-1.3158,7.5,5300.0,39750000.0,200000.0,1380000000.0,7.5,7.5,6.9,205300.0
2013-10-01,4.505,7.6,1.3333,7.6,100.0,760000.0,0.0,0.0,7.6,7.6,7.6,100.0
2013-10-02,4.564,7.5,-1.3158,7.516,16600.0,124770000.0,0.0,0.0,7.5,7.7,7.5,16600.0
2013-10-03,4.564,7.9,5.3333,7.933,300.0,2380000.0,0.0,0.0,8.0,8.1,7.7,300.0
2013-10-04,4.979,8.4,6.3291,8.4,100.0,840000.0,0.0,0.0,8.4,8.4,8.4,100.0
2013-10-07,4.979,8.7,3.5714,8.65,200.0,1730000.0,0.0,0.0,8.9,8.9,8.4,200.0
2013-10-08,5.275,8.9,2.2989,8.9,100.0,890000.0,60000.0,474000000.0,8.9,8.9,7.9,60100.0
2013-10-09,4.92,8.3,-6.7416,8.475,414.0,3507000.0,0.0,0.0,9.0,9.0,8.3,414.0
2013-10-10,4.624,7.8,-8.2353,7.8,3100.0,24180000.0,0.0,0.0,7.8,7.8,7.8,3100.0
2013-10-11,4.624,7.8,0.0,7.816,12900.0,100820000.0,11000.0,78100000.0,7.8,8.2,7.1,23900.0
2013-10-14,4.801,8.0,2.5641,8.016,9200.0,73750000.0,70000.0,497000000.0,8.0,8.3,7.1,79200.0
2013-10-15,5.039,8.5,6.25,8.02,2500.0,20050000.0,0.0,0.0,8.0,8.5,8.0,2500.0
2013-10-16,4.741,8.0,0.0,8.2,21900.0,179180000.0,10000.0,72000000.0,8.2,8.2,7.2,31900.0
2013-10-17,4.86,8.2,0.0,8.1,12400.0,100680000.0,0.0,0.0,8.2,8.2,8.0,12400.0
2013-10-18,4.979,8.4,3.7037,8.4,100.0,840000.0,0.0,0.0,8.4,8.4,8.4,100.0
2013-10-21,4.741,8.0,-4.7619,8.1,15240.0,123683000.0,0.0,0.0,8.3,8.3,8.0,15240.0
2013-10-22,4.86,8.2,1.2346,8.1,61800.0,498610000.0,40000.0,292000000.0,8.1,8.2,7.3,101800.0
2013-10-23,4.741,8.0,-1.2346,8.2,38700.0,315690000.0,0.0,0.0,8.2,8.2,8.0,38700.0
2013-10-24,4.741,8.0,-2.439,8.1,39900.0,323430000.0,86.0,636400.0,8.2,8.2,8.0,39986.0
2013-10-25,4.801,8.1,0.0,8.1,10500.0,85050000.0,0.0,0.0,8.1,8.1,8.1,10500.0
2013-10-28,4.801,8.1,0.0,8.192,6200.0,50790000.0,0.0,0.0,8.2,8.2,8.1,6200.0
2013-10-29,4.86,8.2,0.0,8.001,52300.0,418440000.0,0.0,0.0,8.0,8.2,8.0,52300.0
2013-10-30,4.801,8.1,1.25,8.101,17300.0,140150000.0,0.0,0.0,8.2,8.2,8.1,17300.0
2013-10-31,4.801,8.1,0.0,8.109,1100.0,8920000.0,0.0,0.0,8.2,8.2,8.1,1100.0
2013-11-01,4.86,8.2,1.2346,8.358,19300.0,161300000.0,0.0,0.0,8.4,8.5,8.2,19300.0
2013-11-04,4.979,8.4,0.0,8.429,25100.0,211570000.0,0.0,0.0,8.5,9.1,8.3,25100.0
2013-11-05,5.039,8.5,1.1905,8.5,100.0,850000.0,0.0,0.0,8.5,8.5,8.5,100.0
2013-11-06,5.334,9.0,5.8824,8.5,100.0,900000.0,0.0,0.0,9.0,9.0,9.0,100.0
2013-11-07,5.334,9.0,0.0,9.0,0.0,0.0,0.0,0.0,9.0,9.0,9.0,0.0
2013-11-08,5.039,8.5,-5.5556,8.5,22100.0,187850000.0,0.0,0.0,8.5,8.5,8.5,22100.0
2013-11-11,4.979,8.4,-1.1765,8.4,10000.0,84000000.0,0.0,0.0,8.4,8.4,8.4,10000.0
2013-11-12,5.334,9.0,7.1429,8.506,10700.0,91010000.0,0.0,0.0,8.2,9.0,8.2,10700.0
2013-11-13,5.039,8.5,0.0,8.5,0.0,0.0,40000.0,308000000.0,8.5,8.5,8.5,40000.0
2013-11-14,5.039,8.5,0.0,8.491,6500.0,55190000.0,0.0,0.0,8.6,8.6,8.4,6500.0
2013-11-15,5.334,9.0,5.8824,8.8,200.0,1760000.0,0.0,0.0,8.6,9.0,8.6,200.0
2013-11-18,5.215,8.8,0.0,8.8,700.0,6160000.0,0.0,0.0,8.8,8.8,8.8,700.0
2013-11-19,5.393,9.1,3.4091,9.175,800.0,7340000.0,0.0,0.0,8.9,9.6,8.9,800.0
2013-11-20,5.986,10.1,9.7826,8.565,7200.0,61670000.0,0.0,0.0,8.4,10.1,8.4,7200.0
2013-11-21,5.215,8.8,2.3256,8.8,9400.0,82720000.0,0.0,0.0,8.8,8.8,8.8,9400.0
2013-11-22,5.275,8.9,1.1364,8.803,3200.0,28170000.0,0.0,0.0,8.8,8.9,8.8,3200.0
2013-11-25,5.393,9.1,3.4091,9.061,4900.0,44400000.0,0.0,0.0,9.0,9.1,9.0,4900.0
2013-11-26,5.393,9.1,0.0,9.1,11100.0,101010000.0,0.0,0.0,9.1,9.1,9.1,11100.0
2013-11-27,5.453,9.2,1.0989,9.2,2200.0,20240000.0,0.0,0.0,9.2,9.2,9.2,2200.0
2013-11-28,5.393,9.1,-1.087,9.119,19700.0,179650000.0,0.0,0.0,9.1,9.2,9.1,19700.0
2013-11-29,5.393,9.1,0.0,9.114,13900.0,126690000.0,0.0,0.0,9.2,9.2,9.1,13900.0
2013-12-02,5.334,9.0,-1.0989,9.2,200.0,1840000.0,0.0,0.0,9.4,9.4,9.0,200.0
2013-12-03,5.453,9.2,0.0,9.201,10700.0,98450000.0,0.0,0.0,9.3,9.3,9.2,10700.0
2013-12-04,5.572,9.4,2.1739,9.4,100.0,940000.0,0.0,0.0,9.4,9.4,9.4,100.0
2013-12-05,5.393,9.1,-3.1915,9.3,200.0,1860000.0,0.0,0.0,9.5,9.5,9.1,200.0
2013-12-06,5.631,9.5,2.1505,9.5,100.0,950000.0,0.0,0.0,9.5,9.5,9.5,100.0
2013-12-09,5.631,9.5,0.0,9.344,9575.0,89482500.0,0.0,0.0,9.5,9.5,9.2,9575.0
2013-12-10,5.631,9.5,2.1505,9.5,1500.0,14250000.0,0.0,0.0,9.5,9.5,9.5,1500.0
2013-12-11,5.69,9.6,1.0526,9.629,14600.0,140580000.0,0.0,0.0,9.6,9.7,9.6,14600.0
2013-12-12,5.749,9.7,1.0417,9.7,3000.0,29100000.0,0.0,0.0,9.7,9.7,9.7,3000.0
2013-12-13,5.808,9.8,1.0309,9.702,4500.0,43660000.0,0.0,0.0,9.7,9.8,9.7,4500.0
2013-12-16,5.928,10.0,3.0928,9.9,60100.0,595020000.0,0.0,0.0,9.8,10.0,9.8,60100.0
2013-12-17,5.986,10.1,2.0202,10.036,13050.0,130970000.0,0.0,0.0,10.0,10.1,10.0,13050.0
2013-12-18,5.986,10.1,1.0,10.005,2210.0,22111000.0,0.0,0.0,10.0,10.1,10.0,2210.0
2013-12-19,5.986,10.1,1.0,10.1,5900.0,59590000.0,0.0,0.0,10.1,10.1,10.1,5900.0
2013-12-20,6.105,10.3,1.9802,10.264,3900.0,40030000.0,0.0,0.0,10.2,10.3,10.2,3900.0
2013-12-23,6.046,10.2,-0.9709,10.29,3000.0,30870000.0,0.0,0.0,10.3,10.3,10.2,3000.0
2013-12-24,6.046,10.2,-0.9709,9.783,600.0,5870000.0,0.0,0.0,9.7,10.2,9.7,600.0
2013-12-25,5.986,10.1,3.0612,10.087,10200.0,102890000.0,0.0,0.0,10.1,10.1,9.9,10200.0
2013-12-26,5.928,10.0,-0.9901,10.0,4600.0,46000000.0,0.0,0.0,10.0,10.0,10.0,4600.0
2013-12-27,6.046,10.2,2.0,10.065,27900.0,280820000.0,0.0,0.0,10.0,10.2,10.0,27900.0
2013-12-30,5.928,10.0,-0.9901,10.0,10000.0,100000000.0,0.0,0.0,10.0,10.0,10.0,10000.0
2013-12-31,5.928,10.0,0.0,10.0,5000.0,50000000.0,0.0,0.0,10.0,10.0,10.0,5000.0
2014-01-02,5.986,10.1,1.0,10.071,15500.0,156100000.0,110000.0,990000000.0,10.0,10.2,9.0,125500.0
2014-01-03,5.986,10.1,0.0,10.209,40000.0,408350000.0,0.0,0.0,10.3,10.3,10.1,40000.0
2014-01-06,6.224,10.5,2.9412,10.296,27000.0,278000000.0,0.0,0.0,10.0,10.5,10.0,27000.0
2014-01-07,6.698,11.3,9.7087,11.295,18600.0,210080000.0,35000.0,332500000.0,11.3,11.3,9.5,53600.0
2014-01-08,6.698,11.3,0.0,11.282,32200.0,363280000.0,0.0,0.0,11.4,11.4,11.2,32200.0
2014-01-09,6.402,10.8,-4.4248,10.8,4000.0,43200000.0,0.0,0.0,10.8,10.8,10.8,4000.0
2014-01-10,6.52,11.0,1.8519,11.049,7201.0,79561000.0,46000.0,450800000.0,11.2,11.2,9.8,53201.0
2014-01-13,6.52,11.0,0.0,10.961,44900.0,492150000.0,0.0,0.0,10.9,11.0,10.9,44900.0
2014-01-14,6.461,10.9,-0.9091,10.945,25800.0,282380000.0,0.0,0.0,10.9,11.3,10.9,25800.0
2014-01-15,6.283,10.6,-2.7523,10.789,34200.0,369000000.0,0.0,0.0,10.9,10.9,10.6,34200.0
2014-01-16,6.343,10.7,-0.9259,10.637,3000.0,31910000.0,0.0,0.0,10.6,10.8,10.6,3000.0
2014-01-17,6.402,10.8,1.8868,10.817,65200.0,705270000.0,85.0,816000.0,10.8,10.9,10.8,65285.0
2014-01-20,6.461,10.9,0.9259,10.852,29100.0,315780000.0,0.0,0.0,10.8,10.9,10.8,29100.0
2014-01-21,6.52,11.0,0.9174,10.851,46200.0,501300000.0,0.0,0.0,10.9,11.0,10.6,46200.0
2014-01-22,6.402,10.8,-0.9174,10.896,23000.0,250600000.0,0.0,0.0,10.9,10.9,10.8,23000.0
2014-01-23,6.461,10.9,0.0,10.914,6600.0,72030000.0,0.0,0.0,10.9,11.0,10.9,6600.0
2014-01-24,6.579,11.1,1.8349,11.0,5900.0,64900000.0,0.0,0.0,10.9,11.1,10.9,5900.0
2014-01-27,6.52,11.0,0.0,11.0,100.0,1100000.0,0.0,0.0,11.0,11.0,11.0,100.0
2014-02-06,6.52,11.0,0.0,11.002,9600.0,105620000.0,0.0,0.0,11.6,11.6,10.0,9600.0
2014-02-07,6.461,10.9,-0.9091,10.9,25000.0,272500000.0,20000.0,198000000.0,10.9,10.9,9.9,45000.0
2014-02-10,6.579,11.1,1.8349,11.049,29300.0,323730000.0,80.0,792000.0,11.0,11.1,11.0,29380.0
2014-02-11,6.698,11.3,2.7273,11.291,33305.0,375997000.0,0.0,0.0,11.2,11.3,11.2,33305.0
2014-02-12,6.817,11.5,1.7699,11.178,12100.0,135250000.0,0.0,0.0,11.1,11.5,11.1,12100.0
2014-02-13,6.817,11.5,2.6786,11.321,8100.0,91700000.0,0.0,0.0,11.3,11.5,11.2,8100.0
2014-02-14,6.638,11.2,-0.885,11.236,35700.0,401140000.0,0.0,0.0,11.4,11.4,11.2,35700.0
2014-02-17,6.698,11.3,0.8929,11.241,36900.0,414800000.0,0.0,0.0,11.4,11.4,11.2,36900.0
2014-02-18,6.638,11.2,0.0,11.273,48900.0,551260000.0,0.0,0.0,11.3,11.4,11.2,48900.0
2014-02-19,6.757,11.4,0.885,11.301,10400.0,117530000.0,0.0,0.0,11.3,11.4,11.3,10400.0
2014-02-20,6.638,11.2,-0.885,11.271,4800.0,54100000.0,0.0,0.0,11.2,11.4,11.2,4800.0
2014-02-21,6.698,11.3,0.0,11.306,33500.0,378750000.0,0.0,0.0,11.3,11.4,11.3,33500.0
2014-02-24,6.698,11.3,0.0,11.31,37800.0,427500000.0,0.0,0.0,11.3,11.4,11.3,37800.0
2014-02-25,6.698,11.3,0.0,11.291,60900.0,687610000.0,0.0,0.0,11.3,11.4,11.2,60900.0
2014-02-26,6.876,11.6,2.6549,11.428,7100.0,81140000.0,0.0,0.0,11.4,11.6,11.4,7100.0
2014-02-27,6.817,11.5,0.8772,11.424,4100.0,46840000.0,0.0,0.0,11.4,11.5,11.4,4100.0
2014-02-28,6.817,11.5,0.8772,11.45,26200.0,300000000.0,0.0,0.0,11.5,11.5,11.4,26200.0
2014-03-03,7.054,11.9,3.4783,11.914,17100.0,203730000.0,0.0,0.0,11.6,12.0,11.6,17100.0
2014-03-04,7.113,12.0,0.8403,12.059,11000.0,132650000.0,0.0,0.0,11.9,12.1,11.9,11000.0
2014-03-05,7.587,12.8,5.7851,12.208,7800.0,95220000.0,0.0,0.0,12.1,12.8,12.0,7800.0
2014-03-06,7.468,12.6,3.2787,12.53,33000.0,413500000.0,0.0,0.0,12.5,12.6,12.5,33000.0
2014-03-07,7.41,12.5,0.0,12.509,1100.0,13760000.0,0.0,0.0,12.6,12.6,12.5,1100.0
2014-03-10,7.707,13.0,4.0,12.725,43900.0,558610000.0,0.0,0.0,12.6,13.0,12.6,43900.0
2014-03-11,7.528,12.7,0.0,12.784,6210.0,79390000.0,0.0,0.0,12.8,12.9,12.7,6210.0
2014-03-12,7.587,12.8,0.0,12.8,1000.0,12800000.0,0.0,0.0,12.8,12.8,12.8,1000.0
2014-03-13,7.528,12.7,-0.7813,12.711,10850.0,137920000.0,0.0,0.0,12.7,12.9,12.7,10850.0
2014-03-14,7.41,12.5,-1.5748,12.56,500.0,6280000.0,0.0,0.0,12.6,12.6,12.5,500.0
2014-03-17,7.232,12.2,-3.1746,12.2,12500.0,152500000.0,27100.0,308940000.0,12.2,12.2,11.4,39600.0
2014-03-18,7.41,12.5,2.459,12.222,5400.0,66000000.0,0.0,0.0,12.5,12.5,12.2,5400.0
2014-03-19,7.113,12.0,-1.6393,11.949,8900.0,106350000.0,0.0,0.0,11.7,12.2,11.7,8900.0
2014-03-20,7.113,12.0,0.8403,12.045,44500.0,536000000.0,0.0,0.0,12.4,12.4,12.0,44500.0
2014-03-21,7.41,12.5,4.1667,12.202,22000.0,268450000.0,0.0,0.0,12.0,12.5,12.0,22000.0
2014-03-24,7.528,12.7,4.0984,12.525,36500.0,457180000.0,0.0,0.0,12.5,12.7,12.5,36500.0
2014-03-25,7.707,13.0,4.0,12.899,39200.0,505650000.0,0.0,0.0,12.9,13.0,12.5,39200.0
2014-03-26,7.587,12.8,-0.7752,12.919,15300.0,197660000.0,0.0,0.0,12.9,13.0,12.8,15300.0
2014-03-27,7.232,12.2,-5.4264,12.2,8400.0,102480000.0,85.0,994500.0,12.2,12.2,12.2,8485.0
2014-03-28,7.647,12.9,5.7377,12.906,1700.0,21940000.0,0.0,0.0,13.0,13.0,12.9,1700.0
2014-03-31,7.587,12.8,-0.7752,12.867,8900.0,114520000.0,0.0,0.0,12.9,12.9,12.8,8900.0
2014-04-01,7.528,12.7,-1.5504,12.7,14500.0,184150000.0,0.0,0.0,12.7,12.7,12.7,14500.0
2014-04-02,7.587,12.8,0.7874,12.893,7600.0,97990000.0,0.0,0.0,12.8,12.9,12.8,7600.0
2014-04-03,7.587,12.8,-0.7752,12.904,2438.0,31460200.0,0.0,0.0,13.2,13.2,12.8,2438.0
2014-04-04,7.647,12.9,0.0,12.9,0.0,0.0,0.0,0.0,12.9,12.9,12.9,0.0
2014-04-07,7.647,12.9,0.0,12.9,100.0,1290000.0,0.0,0.0,12.9,12.9,12.9,100.0
2014-04-08,7.647,12.9,-0.7692,12.97,28985.0,375814500.0,0.0,0.0,12.9,13.0,12.9,28985.0
2014-04-10,7.707,13.0,0.0,13.0,31642.0,411291400.0,0.0,0.0,13.0,13.0,13.0,31642.0
2014-04-11,7.707,13.0,0.0,13.0,32500.0,422500000.0,0.0,0.0,13.0,13.0,13.0,32500.0
2014-04-14,7.707,13.0,0.0,13.0,1000.0,13000000.0,0.0,0.0,13.0,13.0,13.0,1000.0
2014-04-15,7.647,12.9,-0.7692,12.9,4000.0,51600000.0,0.0,0.0,12.9,12.9,12.9,4000.0
2014-04-16,7.647,12.9,0.0,12.628,46500.0,587200000.0,0.0,0.0,12.9,12.9,12.2,46500.0
2014-04-17,7.35,12.4,-1.5873,12.522,31900.0,399460000.0,0.0,0.0,12.5,12.8,12.4,31900.0
2014-04-18,7.35,12.4,-0.8,12.4,7500.0,93000000.0,0.0,0.0,12.4,12.4,12.4,7500.0
2014-04-21,7.35,12.4,0.0,12.4,100.0,1240000.0,0.0,0.0,12.4,12.4,12.4,100.0
2014-04-22,7.41,12.5,0.8065,12.106,12200.0,147690000.0,0.0,0.0,12.1,12.5,12.1,12200.0
2014-04-23,7.232,12.2,0.8264,12.2,1000.0,12200000.0,0.0,0.0,12.2,12.2,12.2,1000.0
2014-04-24,7.232,12.2,0.0,12.055,2000.0,24110000.0,0.0,0.0,12.1,12.2,12.0,2000.0
2014-04-25,7.291,12.3,1.6529,12.285,13000.0,159700000.0,0.0,0.0,12.2,12.3,12.2,13000.0
2014-04-28,7.291,12.3,0.0,12.3,200.0,2460000.0,10000.0,111000000.0,12.3,12.3,11.1,10200.0
2014-04-29,7.291,12.3,0.0,12.3,6000.0,73800000.0,0.0,0.0,12.3,12.3,12.3,6000.0
2014-05-05,7.171,12.1,-1.626,12.16,42200.0,513170000.0,0.0,0.0,12.3,12.3,12.1,42200.0
2014-05-06,6.935,11.7,-4.0984,11.821,31252.0,369424000.0,0.0,0.0,12.0,12.0,11.7,31252.0
2014-05-07,6.995,11.8,0.0,11.803,17511.0,206679800.0,0.0,0.0,11.9,11.9,11.8,17511.0
2014-05-08,6.935,11.7,-0.8475,11.557,63500.0,733900000.0,0.0,0.0,11.8,11.8,11.4,63500.0
2014-05-09,6.935,11.7,0.8621,11.609,21900.0,254230000.0,0.0,0.0,11.6,11.8,11.6,21900.0
2014-05-12,6.876,11.6,0.0,11.489,23300.0,267690000.0,0.0,0.0,11.6,11.6,11.4,23300.0
2014-05-13,6.817,11.5,0.0,11.478,32600.0,374190000.0,0.0,0.0,11.4,11.5,11.4,32600.0
2014-05-14,6.817,11.5,0.0,11.5,27100.0,311650000.0,0.0,0.0,11.5,11.5,11.5,27100.0
2014-05-15,6.876,11.6,0.8696,11.6,38200.0,443120000.0,100000.0,1040000000.0,11.6,11.6,10.4,138200.0
2014-05-16,6.876,11.6,0.0,11.6,12900.0,149640000.0,0.0,0.0,11.6,11.6,11.6,12900.0
2014-05-19,6.995,11.8,1.7241,11.711,4600.0,53870000.0,0.0,0.0,11.6,11.8,11.6,4600.0
2014-05-20,6.995,11.8,0.8547,11.811,12200.0,144100000.0,0.0,0.0,12.0,12.0,11.8,12200.0
2014-05-21,6.995,11.8,0.0,11.866,53000.0,628920000.0,0.0,0.0,11.9,11.9,11.8,53000.0
2014-05-22,6.935,11.7,-1.6807,11.707,29100.0,340670000.0,0.0,0.0,11.8,11.8,11.5,29100.0
2014-05-23,6.935,11.7,0.0,11.7,0.0,0.0,0.0,0.0,11.7,11.7,11.7,0.0
2014-05-26,6.935,11.7,0.0,11.692,25900.0,302830000.0,0.0,0.0,11.7,11.7,11.6,25900.0
2014-05-27,7.054,11.9,1.7094,11.9,3300.0,39270000.0,0.0,0.0,11.9,11.9,11.9,3300.0
2014-05-28,6.935,11.7,-1.6807,11.597,29000.0,336300000.0,0.0,0.0,11.5,11.7,11.5,29000.0
2014-05-29,6.995,11.8,1.7241,11.595,6600.0,76530000.0,0.0,0.0,11.6,11.8,11.5,6600.0
2014-05-30,7.054,11.9,2.5862,11.849,4100.0,48580000.0,0.0,0.0,11.8,11.9,11.8,4100.0
2014-06-02,7.054,11.9,0.8475,11.92,500.0,5960000.0,0.0,0.0,12.0,12.0,11.9,500.0
2014-06-03,7.35,12.4,4.2017,12.228,10100.0,123500000.0,0.0,0.0,12.0,12.4,12.0,10100.0
2014-06-04,7.291,12.3,0.8197,12.144,5500.0,66790000.0,0.0,0.0,12.0,12.3,12.0,5500.0
2014-06-05,7.171,12.1,0.0,12.1,2900.0,35090000.0,0.0,0.0,12.1,12.1,12.1,2900.0
2014-06-06,7.113,12.0,-0.8264,12.0,14210.0,170520000.0,0.0,0.0,12.0,12.0,12.0,14210.0
2014-06-09,7.35,12.4,3.3333,11.69,15200.0,177690000.0,0.0,0.0,11.8,12.4,11.6,15200.0
2014-06-10,6.995,11.8,0.8547,11.8,5100.0,60180000.0,0.0,0.0,11.8,11.8,11.8,5100.0
2014-06-11,7.113,12.0,1.6949,11.984,25900.0,310390000.0,0.0,0.0,12.0,12.0,11.9,25900.0
2014-06-12,7.113,12.0,0.0,12.001,93900.0,1126850000.0,0.0,0.0,12.0,12.1,12.0,93900.0
2014-06-13,7.113,12.0,0.0,12.0,8000.0,96000000.0,0.0,0.0,12.0,12.0,12.0,8000.0
2014-06-16,7.113,12.0,0.0,12.004,5600.0,67220000.0,0.0,0.0,12.0,12.1,12.0,5600.0
2014-06-17,7.171,12.1,0.8333,12.017,6000.0,72100000.0,0.0,0.0,12.0,12.1,12.0,6000.0
2014-06-18,7.171,12.1,0.8333,12.151,4500.0,54680000.0,0.0,0.0,12.1,12.2,12.1,4500.0
2014-06-19,7.113,12.0,-1.6393,12.002,42400.0,508900000.0,0.0,0.0,12.1,12.1,12.0,42400.0
2014-06-20,7.113,12.0,0.0,12.0,11000.0,132000000.0,0.0,0.0,12.0,12.0,12.0,11000.0
2014-06-23,7.113,12.0,0.0,12.004,7943.0,95346000.0,0.0,0.0,12.1,12.1,12.0,7943.0
2014-06-24,7.171,12.1,0.8333,12.154,4600.0,55910000.0,0.0,0.0,12.1,12.2,12.1,4600.0
2014-06-25,7.232,12.2,0.0,12.2,5200.0,63440000.0,0.0,0.0,12.2,12.2,12.2,5200.0
2014-06-26,7.113,12.0,-1.6393,12.0,1000.0,12000000.0,0.0,0.0,12.0,12.0,12.0,1000.0
2014-06-27,7.232,12.2,1.6667,12.143,9600.0,116570000.0,0.0,0.0,12.0,12.2,12.0,9600.0
2014-06-30,6.995,11.8,-2.4793,11.912,9000.0,107210000.0,0.0,0.0,12.0,12.0,11.8,9000.0
2014-07-01,7.113,12.0,0.8403,12.0,500.0,6000000.0,0.0,0.0,12.0,12.0,12.0,500.0
2014-07-02,7.113,12.0,0.0,12.005,15900.0,190880000.0,0.0,0.0,12.2,12.2,12.0,15900.0
2014-07-03,7.171,12.1,0.8333,12.046,9000.0,108410000.0,0.0,0.0,12.1,12.1,12.0,9000.0
2014-07-04,7.171,12.1,0.8333,12.006,36000.0,432200000.0,0.0,0.0,12.0,12.1,12.0,36000.0
2014-07-07,7.232,12.2,1.6667,12.114,46500.0,563300000.0,0.0,0.0,12.1,12.2,12.1,46500.0
2014-07-08,7.232,12.2,0.8264,12.218,44500.0,543700000.0,0.0,0.0,12.1,12.4,12.1,44500.0
2014-07-09,7.35,12.4,1.6393,12.229,8000.0,97830000.0,0.0,0.0,12.2,12.4,12.1,8000.0
2014-07-10,7.291,12.3,0.8197,12.313,800.0,9850000.0,42.0,462000.0,12.4,12.4,12.3,842.0
2014-07-11,7.587,12.8,0.7874,12.747,31300.0,398970000.0,0.0,0.0,12.8,12.8,12.7,31300.0
2014-07-21,8.18,13.8,0.0,14.0,507680.0,7108034000.0,0.0,0.0,14.4,14.4,13.5,507680.0
2014-07-22,8.24,13.9,0.7246,14.05,141350.0,1985363000.0,0.0,0.0,14.2,14.2,13.9,141350.0
2014-07-23,8.24,13.9,0.0,13.91,270980.0,3768185000.0,0.0,0.0,14.0,14.0,13.8,270980.0
2014-07-24,8.18,13.8,-0.7194,13.77,58960.0,812130000.0,0.0,0.0,13.6,13.9,13.6,58960.0
2014-07-25,8.121,13.7,-0.7246,13.71,107990.0,1480979000.0,0.0,0.0,13.9,13.9,13.6,107990.0
2014-07-28,7.707,13.0,-5.1095,13.25,79930.0,1059350000.0,0.0,0.0,13.6,13.6,13.0,79930.0
2014-07-29,7.883,13.3,2.3077,13.27,17140.0,227502000.0,0.0,0.0,13.0,13.4,13.0,17140.0
2014-07-30,7.824,13.2,-0.7519,13.15,58410.0,767801000.0,0.0,0.0,13.1,13.2,13.1,58410.0
2014-07-31,7.883,13.3,0.7576,13.3,34870.0,463640000.0,0.0,0.0,13.2,13.4,13.2,34870.0
2014-08-01,8.18,13.8,3.7594,13.65,28510.0,389038000.0,0.0,0.0,13.2,13.8,13.2,28510.0
2014-08-04,8.417,14.2,2.8986,14.04,172770.0,2425385000.0,0.0,0.0,13.9,14.2,13.9,172770.0
2014-08-05,8.594,14.5,2.1127,14.44,154750.0,2235081000.0,76000.0,1010800000.0,14.2,14.6,14.2,230750.0
2014-08-06,8.654,14.6,0.6897,14.54,137120.0,1993775000.0,0.0,0.0,14.5,14.6,14.5,137120.0
2014-08-07,8.712,14.7,0.6849,14.6,107170.0,1565194000.0,0.0,0.0,14.6,14.7,14.5,107170.0
2014-08-08,9.246,15.6,6.1224,15.26,354750.0,5412484000.0,0.0,0.0,14.6,15.6,14.6,354750.0
2014-08-11,9.069,15.3,-1.9231,15.45,20760.0,320764000.0,0.0,0.0,15.5,15.6,15.1,20760.0
2014-08-12,9.069,15.3,0.0,15.12,98270.0,1485362000.0,0.0,0.0,15.1,15.3,15.0,98270.0
2014-08-13,9.305,15.7,2.6144,15.4,145050.0,2234311000.0,0.0,0.0,15.3,15.7,15.1,145050.0
2014-08-14,9.305,15.7,0.0,15.67,34530.0,541029000.0,30000.0,441000000.0,16.2,16.2,15.5,64530.0
2014-08-15,9.187,15.5,-1.2739,15.44,27090.0,418158000.0,0.0,0.0,15.5,15.5,15.4,27090.0
2014-08-18,9.128,15.4,-0.6452,15.31,72200.0,1105361000.0,0.0,0.0,15.3,15.4,15.3,72200.0
2014-08-19,9.128,15.4,0.0,15.32,65520.0,1003858000.0,0.0,0.0,15.4,15.4,15.2,65520.0
2014-08-20,9.128,15.4,0.0,15.26,15060.0,229878000.0,0.0,0.0,15.2,15.4,15.2,15060.0
2014-08-21,9.128,15.4,0.0,15.24,130030.0,1981380000.0,0.0,0.0,15.4,15.4,15.1,130030.0
2014-08-22,9.128,15.4,0.0,15.39,61090.0,939916000.0,0.0,0.0,15.4,15.5,15.3,61090.0
2014-08-25,9.128,15.4,0.0,15.4,129360.0,1992345000.0,0.0,0.0,15.4,15.5,15.4,129360.0
2014-08-26,9.128,15.4,0.0,15.41,47050.0,725224000.0,0.0,0.0,15.4,15.6,15.3,47050.0
2014-08-27,9.128,15.4,0.0,15.36,68430.0,1050919000.0,0.0,0.0,15.4,15.4,15.3,68430.0
2014-08-28,9.128,15.4,0.0,15.38,78230.0,1203375000.0,0.0,0.0,15.3,15.5,15.3,78230.0
2014-08-29,9.187,15.5,0.6494,15.45,59700.0,922298000.0,0.0,0.0,15.4,15.5,15.4,59700.0
2014-09-03,9.187,15.5,0.0,15.53,53230.0,826582000.0,0.0,0.0,15.8,15.8,15.5,53230.0
2014-09-04,9.305,15.7,1.2903,15.57,198420.0,3088532000.0,0.0,0.0,15.5,15.7,15.5,198420.0
2014-09-05,9.425,15.9,1.2739,15.78,32360.0,510629000.0,0.0,0.0,15.6,15.9,15.6,32360.0
2014-09-08,9.721,16.4,3.1447,16.1,69810.0,1124014000.0,100000.0,1500000000.0,16.0,16.4,15.9,169810.0
2014-09-09,9.661,16.3,-0.6098,16.54,109050.0,1803437000.0,0.0,0.0,16.4,16.7,16.3,109050.0
2014-09-10,9.78,16.5,1.227,16.24,51940.0,843628000.0,0.0,0.0,16.3,16.5,15.7,51940.0
2014-09-11,9.721,16.4,-0.6061,16.45,29980.0,493109000.0,0.0,0.0,16.7,17.0,16.4,29980.0
2014-09-12,9.425,15.9,-3.0488,15.94,92980.0,1482147000.0,0.0,0.0,16.3,16.3,15.7,92980.0
2014-09-15,9.425,15.9,0.0,15.51,95380.0,1479567000.0,0.0,0.0,15.9,16.0,15.0,95380.0
2014-09-16,9.362,15.0,-5.6604,15.13,65170.0,985725000.0,0.0,0.0,15.5,15.5,15.0,65170.0
2014-09-17,9.3,14.9,-0.6667,14.85,32850.0,487855000.0,0.0,0.0,15.1,15.1,14.7,32850.0
2014-09-18,9.3,14.9,0.0,14.93,97610.0,1457145000.0,0.0,0.0,14.9,15.0,14.8,97610.0
2014-09-19,9.3,14.9,0.0,14.88,51760.0,770201000.0,0.0,0.0,15.0,15.0,14.8,51760.0
2014-09-22,9.486,15.2,2.0134,15.13,14650.0,221714000.0,0.0,0.0,15.2,15.2,14.9,14650.0
2014-09-23,9.486,15.2,0.0,15.07,31250.0,470872000.0,0.0,0.0,15.0,15.2,14.9,31250.0
2014-09-24,9.486,15.2,0.0,15.14,9830.0,148844000.0,0.0,0.0,15.2,15.2,15.1,9830.0
2014-09-25,9.549,15.3,0.6579,15.21,96940.0,1474398000.0,0.0,0.0,15.2,15.3,15.2,96940.0
2014-09-26,9.675,15.5,1.3072,15.36,66000.0,1013956000.0,0.0,0.0,15.3,15.5,15.3,66000.0
2014-09-29,9.799,15.7,1.2903,15.49,29800.0,461483000.0,0.0,0.0,15.3,15.7,15.3,29800.0
2014-09-30,9.799,15.7,0.0,15.62,40160.0,627176000.0,0.0,0.0,15.6,15.7,15.6,40160.0
2014-10-01,9.862,15.8,0.6369,15.75,22550.0,355226000.0,0.0,0.0,15.7,16.0,15.6,22550.0
2014-10-02,9.862,15.8,0.0,15.76,21590.0,340247000.0,0.0,0.0,16.0,16.0,15.7,21590.0
2014-10-03,9.862,15.8,0.0,15.75,59250.0,933053000.0,0.0,0.0,15.8,15.8,15.7,59250.0
2014-10-06,9.987,16.0,1.2658,15.83,68820.0,1089419000.0,0.0,0.0,15.7,16.0,15.7,68820.0
2014-10-07,10.174,16.3,1.875,16.09,61090.0,983156000.0,0.0,0.0,16.2,16.3,15.9,61090.0
2014-10-08,10.361,16.6,1.8405,16.45,71890.0,1182820000.0,0.0,0.0,16.6,16.6,16.3,71890.0
2014-10-09,10.361,16.6,0.0,16.45,45390.0,750601000.0,0.0,0.0,16.6,16.7,16.4,45390.0
2014-10-10,10.423,16.7,0.6024,16.58,85380.0,1415515000.0,0.0,0.0,16.5,16.7,16.4,85380.0
2014-10-13,10.423,16.7,0.0,16.63,20530.0,341401000.0,0.0,0.0,16.7,16.7,16.5,20530.0
2014-10-14,10.361,16.6,-0.5988,16.57,31910.0,528607000.0,0.0,0.0,16.7,16.7,16.4,31910.0
2014-10-15,10.361,16.6,0.0,16.48,48480.0,799187000.0,0.0,0.0,16.6,16.6,16.4,48480.0
2014-10-16,10.235,16.4,-1.2048,16.4,44670.0,732696000.0,0.0,0.0,16.6,16.6,16.3,44670.0
2014-10-17,10.235,16.4,0.0,16.33,29480.0,481519000.0,0.0,0.0,16.5,16.5,16.2,29480.0
2014-10-20,10.736,17.2,4.878,17.07,222800.0,3803257000.0,0.0,0.0,17.0,17.5,16.8,222800.0
2014-10-21,11.296,18.1,5.2326,17.69,320200.0,5663857000.0,0.0,0.0,17.3,18.3,17.1,320200.0
2014-10-22,11.235,18.0,-0.5525,17.93,65840.0,1180327000.0,0.0,0.0,18.2,18.2,17.8,65840.0
2014-10-23,11.235,18.0,0.0,17.74,119330.0,2117297000.0,0.0,0.0,17.8,18.6,17.6,119330.0
2014-10-24,10.984,17.6,-2.2222,17.51,128050.0,2241777000.0,0.0,0.0,17.5,17.7,17.4,128050.0
2014-10-27,11.048,17.7,0.5682,17.59,109430.0,1924334000.0,0.0,0.0,17.5,17.8,17.4,109430.0
2014-10-28,11.172,17.9,1.1299,17.74,52740.0,935646000.0,0.0,0.0,17.6,18.0,17.6,52740.0
2014-10-29,11.359,18.2,1.676,18.05,86100.0,1553793000.0,0.0,0.0,17.9,18.2,17.9,86100.0
2014-10-30,11.296,18.1,-0.5495,18.02,40680.0,733232000.0,0.0,0.0,18.1,18.1,18.0,40680.0
2014-10-31,11.423,18.3,1.105,18.11,104160.0,1886185000.0,0.0,0.0,18.0,18.3,17.9,104160.0
2014-11-03,11.484,18.4,0.5464,18.29,26640.0,487267000.0,0.0,0.0,18.1,18.4,18.1,26640.0
2014-11-04,11.922,19.1,3.8043,18.96,140630.0,2666012000.0,0.0,0.0,18.4,19.2,18.4,140630.0
2014-11-05,12.296,19.7,3.1414,18.96,107780.0,2063670000.0,0.0,0.0,19.1,19.8,19.0,107780.0
2014-11-06,13.107,21.0,6.599,20.8,85160.0,1771564000.0,0.0,0.0,19.5,21.0,19.5,85160.0
2014-11-07,12.856,20.6,-1.9048,20.76,56210.0,1166989000.0,0.0,0.0,21.0,21.0,20.5,56210.0
2014-11-10,13.044,20.9,1.4563,20.71,37040.0,767147000.0,0.0,0.0,20.3,21.0,20.3,37040.0
2014-11-11,13.044,20.9,0.0,20.74,28270.0,586364000.0,0.0,0.0,20.8,20.9,20.7,28270.0
2014-11-12,13.044,20.9,0.0,20.72,71180.0,1475018000.0,0.0,0.0,20.7,20.9,20.7,71180.0
2014-11-13,12.983,20.8,-0.4785,20.65,60860.0,1256492000.0,0.0,0.0,20.7,20.9,19.5,60860.0
2014-11-14,13.044,20.9,0.4808,20.72,88980.0,1843606000.0,0.0,0.0,20.7,20.9,20.6,88980.0
2014-11-17,13.856,22.2,6.2201,21.58,148950.0,3214124000.0,0.0,0.0,20.9,22.2,20.7,148950.0
2014-11-18,13.731,22.0,-0.9009,21.98,43970.0,966460000.0,0.0,0.0,22.2,22.2,21.8,43970.0
2014-11-19,13.67,21.9,-0.4545,21.71,24130.0,523742000.0,0.0,0.0,21.7,22.0,21.6,24130.0
2014-11-20,13.605,21.8,-0.4566,21.67,46940.0,1017259000.0,0.0,0.0,21.8,21.8,21.5,46940.0
2014-11-21,13.418,21.5,-1.3761,20.95,99500.0,2084900000.0,0.0,0.0,20.6,21.6,20.6,99500.0
2014-11-24,13.294,21.3,-0.9302,20.85,74510.0,1553748000.0,0.0,0.0,21.5,21.5,20.5,74510.0
2014-11-25,13.232,21.2,-0.4695,20.81,31860.0,662939000.0,0.0,0.0,20.6,21.3,20.6,31860.0
2014-11-26,12.983,20.8,-1.8868,20.71,40400.0,836683000.0,0.0,0.0,20.7,21.2,20.5,40400.0
2014-11-27,13.17,21.1,1.4423,21.29,79100.0,1683974000.0,0.0,0.0,21.2,21.5,20.5,79100.0
2014-11-28,12.856,20.6,-2.3697,20.87,28170.0,588043000.0,0.0,0.0,21.0,21.2,20.6,28170.0
2014-12-01,13.107,21.0,1.9417,21.05,108690.0,2288295000.0,0.0,0.0,21.0,21.2,20.8,108690.0
2014-12-02,13.17,21.1,0.4762,21.06,30670.0,645794000.0,0.0,0.0,21.0,21.3,20.9,30670.0
2014-12-03,13.418,21.5,1.8957,21.46,78500.0,1684644000.0,0.0,0.0,20.8,21.7,20.8,78500.0
2014-12-04,13.357,21.4,-0.4651,21.5,5560.0,119551000.0,0.0,0.0,21.7,21.7,21.4,5560.0
2014-12-05,13.418,21.5,0.4673,21.1,29450.0,621336000.0,0.0,0.0,21.1,21.5,21.0,29450.0
2014-12-08,13.418,21.5,0.0,21.22,16990.0,360443000.0,0.0,0.0,21.6,21.6,20.9,16990.0
2014-12-09,13.107,21.0,-2.3256,21.11,19360.0,408748000.0,0.0,0.0,21.4,21.4,21.0,19360.0
2014-12-10,13.17,21.1,0.4762,20.82,31870.0,663690000.0,0.0,0.0,20.9,21.2,20.5,31870.0
2014-12-11,13.17,21.1,0.0,21.18,8840.0,187262000.0,0.0,0.0,21.5,21.5,21.1,8840.0
2014-12-12,13.17,21.1,0.0,21.03,13670.0,287532000.0,0.0,0.0,21.0,21.3,21.0,13670.0
2014-12-15,13.17,21.1,0.0,21.02,3740.0,78631000.0,0.0,0.0,21.0,21.1,20.9,3740.0
2014-12-16,13.107,21.0,-0.4739,20.84,15140.0,315548000.0,0.0,0.0,22.0,22.0,20.7,15140.0
2014-12-17,12.92,20.7,-1.4286,20.71,56690.0,1173886000.0,0.0,0.0,20.8,21.0,20.4,56690.0
2014-12-18,12.92,20.7,0.0,20.52,19130.0,392511000.0,0.0,0.0,21.0,21.0,20.3,19130.0
2014-12-19,12.732,20.4,-1.4493,20.41,3710.0,75709000.0,0.0,0.0,20.9,20.9,20.3,3710.0
2014-12-22,12.609,20.2,-0.9804,20.25,24300.0,492038000.0,0.0,0.0,20.0,20.5,20.0,24300.0
2014-12-23,12.545,20.1,-0.495,20.18,7620.0,153766000.0,0.0,0.0,20.1,20.5,20.1,7620.0
2014-12-24,12.609,20.2,0.4975,20.11,6830.0,137354000.0,185000.0,3700000000.0,20.0,20.2,20.0,191830.0
2014-12-25,12.796,20.5,1.4851,20.36,24900.0,506898000.0,412000.0,8240000000.0,20.2,20.5,20.1,436900.0
2014-12-26,12.796,20.5,0.0,20.27,17390.0,352495000.0,0.0,0.0,20.5,20.5,20.0,17390.0
2014-12-29,12.483,20.0,-2.439,20.04,11450.0,229491000.0,0.0,0.0,20.0,20.3,19.9,11450.0
2014-12-30,12.483,20.0,0.0,19.7,23120.0,455556000.0,0.0,0.0,19.9,20.0,19.4,23120.0
2014-12-31,12.796,20.5,0.0,20.02,91330.0,1828636000.0,0.0,0.0,20.0,20.8,19.9,91330.0
2015-01-05,12.983,20.8,1.4634,20.42,54760.0,1118409000.0,0.0,0.0,21.0,21.5,20.0,54760.0
2015-01-06,12.983,20.8,0.0,20.25,57540.0,1165078000.0,0.0,0.0,20.5,20.8,20.0,57540.0
2015-01-07,12.669,20.3,-2.4038,20.34,31610.0,642995000.0,0.0,0.0,21.0,21.0,20.3,31610.0
2015-01-08,13.044,20.9,2.9557,20.25,21690.0,439165000.0,0.0,0.0,20.2,20.9,20.0,21690.0
2015-01-09,12.732,20.4,-2.3923,19.92,61870.0,1232379000.0,0.0,0.0,20.1,20.5,19.7,61870.0
2015-01-12,12.669,20.3,-0.4902,20.1,52970.0,1064746000.0,0.0,0.0,20.4,20.4,19.9,52970.0
2015-01-13,12.609,20.2,-0.4926,19.91,1030.0,20507000.0,0.0,0.0,20.3,20.3,19.9,1030.0
2015-01-14,12.171,19.5,-3.4653,19.67,98170.0,1931225000.0,0.0,0.0,20.0,20.2,19.5,98170.0
2015-01-15,12.171,19.5,0.0,19.65,36050.0,708352000.0,0.0,0.0,19.8,20.0,19.5,36050.0
2015-01-16,12.42,19.9,2.0513,19.7,8730.0,171938000.0,0.0,0.0,19.5,19.9,19.5,8730.0
2015-01-19,12.233,19.6,-1.5075,19.66,14030.0,275769000.0,0.0,0.0,19.7,19.9,19.6,14030.0
2015-01-20,12.296,19.7,0.5102,19.67,109590.0,2156052000.0,0.0,0.0,19.7,19.9,19.5,109590.0
2015-01-21,12.296,19.7,0.0,19.64,93230.0,1831146000.0,0.0,0.0,19.8,19.8,19.5,93230.0
2015-01-22,12.171,19.5,-1.0152,19.26,13970.0,269035000.0,0.0,0.0,19.5,19.5,19.0,13970.0
2015-01-23,12.108,19.4,-0.5128,18.94,23350.0,442311000.0,0.0,0.0,19.5,19.5,18.7,23350.0
2015-01-26,11.547,18.5,-4.6392,18.36,121030.0,2221785000.0,0.0,0.0,19.3,19.3,18.2,121030.0
2015-01-27,11.735,18.8,1.6216,18.64,40520.0,755168000.0,0.0,0.0,18.9,18.9,18.5,40520.0
2015-01-28,11.859,19.0,1.0638,18.97,85430.0,1620317000.0,0.0,0.0,18.9,19.2,18.7,85430.0
2015-01-29,12.045,19.3,1.5789,19.01,16560.0,314819000.0,0.0,0.0,18.9,19.3,18.7,16560.0
2015-01-30,11.982,19.2,-0.5181,18.96,31170.0,590922000.0,0.0,0.0,19.4,19.5,18.8,31170.0
2015-02-02,11.671,18.7,-2.6042,18.21,32100.0,584557000.0,0.0,0.0,18.7,18.7,18.0,32100.0
2015-02-03,11.547,18.5,-1.0695,18.51,6500.0,120310000.0,0.0,0.0,18.7,18.7,18.5,6500.0
2015-02-04,11.423,18.3,-1.0811,18.01,15910.0,286549000.0,0.0,0.0,18.2,18.4,18.0,15910.0
2015-02-05,11.296,18.1,-1.0929,17.95,6940.0,124541000.0,0.0,0.0,18.5,18.5,17.7,6940.0
2015-02-06,11.11,17.8,-1.6575,17.92,37580.0,673611000.0,0.0,0.0,18.2,18.2,17.7,37580.0
2015-02-09,10.984,17.6,-1.1236,17.53,68630.0,1203295000.0,0.0,0.0,17.6,17.6,17.5,68630.0
2015-02-10,10.922,17.5,-0.5682,17.46,83870.0,1464631000.0,0.0,0.0,17.0,17.8,17.0,83870.0
2015-02-11,11.423,18.3,4.5714,18.15,60260.0,1093618000.0,0.0,0.0,17.5,18.5,17.5,60260.0
2015-02-12,11.671,18.7,2.1858,18.31,311000.0,5695092000.0,0.0,0.0,18.7,19.1,18.0,311000.0
2015-02-13,11.671,18.7,0.0,18.51,139950.0,2590358000.0,0.0,0.0,18.3,18.7,18.3,139950.0
2015-02-24,11.609,18.6,-0.5348,18.64,14610.0,272330000.0,0.0,0.0,18.7,19.0,18.6,14610.0
2015-02-25,11.671,18.7,0.5376,18.46,71950.0,1328526000.0,0.0,0.0,18.5,18.8,18.1,71950.0
2015-02-26,11.671,18.7,0.0,18.5,117970.0,2182678000.0,0.0,0.0,18.6,18.7,18.2,117970.0
2015-02-27,11.609,18.6,-0.5348,18.6,8380.0,155886000.0,0.0,0.0,18.8,18.8,18.4,8380.0
2015-03-02,11.547,18.5,-0.5376,18.59,157310.0,2923785000.0,0.0,0.0,18.7,18.7,18.5,157310.0
2015-03-03,11.671,18.7,1.0811,18.53,192590.0,3569359000.0,0.0,0.0,18.5,18.8,18.5,192590.0
2015-03-04,11.859,19.0,1.6043,18.81,85260.0,1603435000.0,0.0,0.0,18.8,19.0,18.7,85260.0
2015-03-05,11.859,19.0,0.0,19.04,64410.0,1226326000.0,0.0,0.0,19.0,19.3,18.9,64410.0
2015-03-06,11.859,19.0,0.0,18.97,30170.0,572347000.0,0.0,0.0,19.2,19.2,18.8,30170.0
2015-03-09,11.735,18.8,-1.0526,18.76,83050.0,1557919000.0,0.0,0.0,18.9,19.1,18.7,83050.0
2015-03-10,11.859,19.0,1.0638,18.81,118460.0,2228650000.0,0.0,0.0,18.9,19.0,18.8,118460.0
2015-03-11,11.735,18.8,-1.0526,18.8,36450.0,685335000.0,0.0,0.0,18.9,18.9,18.8,36450.0
2015-03-12,11.735,18.8,0.0,18.77,105750.0,1984827000.0,0.0,0.0,18.8,18.9,18.6,105750.0
2015-03-13,11.859,19.0,1.0638,18.99,57810.0,1097530000.0,0.0,0.0,18.9,19.1,18.9,57810.0
2015-03-16,11.796,18.9,-0.5263,18.83,20290.0,381962000.0,0.0,0.0,19.0,19.0,18.8,20290.0
2015-03-17,11.796,18.9,0.0,18.88,44140.0,833499000.0,0.0,0.0,18.8,18.9,18.8,44140.0
2015-03-18,11.859,19.0,0.5291,18.86,41410.0,780991000.0,0.0,0.0,18.9,19.0,18.8,41410.0
2015-03-19,11.796,18.9,-0.5263,18.9,6880.0,130033000.0,0.0,0.0,19.0,19.0,18.9,6880.0
2015-03-20,11.922,19.1,1.0582,19.09,20800.0,397163000.0,0.0,0.0,19.0,19.5,19.0,20800.0
2015-03-23,11.796,18.9,-1.0471,18.89,24320.0,459510000.0,0.0,0.0,19.1,19.1,18.8,24320.0
2015-03-24,11.735,18.8,-0.5291,18.87,97810.0,1845419000.0,0.0,0.0,18.9,18.9,18.8,97810.0
2015-03-25,11.922,19.1,1.5957,18.93,62240.0,1178289000.0,0.0,0.0,18.8,19.1,18.8,62240.0
2015-03-26,11.859,19.0,-0.5236,18.93,16170.0,306131000.0,0.0,0.0,18.9,19.1,18.8,16170.0
2015-03-27,11.922,19.1,0.5263,19.06,35060.0,668189000.0,0.0,0.0,19.0,19.2,19.0,35060.0
2015-03-30,11.859,19.0,-0.5236,19.01,56480.0,1073834000.0,0.0,0.0,18.9,19.3,18.9,56480.0
2015-03-31,11.859,19.0,0.0,19.0,99740.0,1895069000.0,0.0,0.0,19.0,19.1,19.0,99740.0
2015-04-01,11.796,18.9,-0.5263,19.0,201600.0,3829965000.0,0.0,0.0,19.0,19.1,18.9,201600.0
2015-04-02,11.859,19.0,0.5291,19.0,32480.0,617231000.0,0.0,0.0,19.0,19.1,19.0,32480.0
2015-04-03,11.982,19.2,1.0526,19.2,15870.0,304731000.0,0.0,0.0,19.3,19.5,19.1,15870.0
2015-04-06,11.859,19.0,-1.0417,18.99,171280.0,3252413000.0,0.0,0.0,18.8,19.1,18.8,171280.0
2015-04-07,11.859,19.0,0.0,19.05,23730.0,452173000.0,0.0,0.0,19.1,19.2,19.0,23730.0
2015-04-08,11.859,19.0,0.0,19.04,17960.0,341951000.0,0.0,0.0,19.1,19.1,19.0,17960.0
2015-04-09,11.982,19.2,1.0526,19.07,46330.0,883698000.0,0.0,0.0,19.0,19.4,19.0,46330.0
2015-04-10,12.045,19.3,0.5208,19.11,12220.0,233488000.0,0.0,0.0,19.2,19.3,18.9,12220.0
2015-04-13,12.045,19.3,0.0,19.11,17790.0,339992000.0,0.0,0.0,19.4,19.4,19.0,17790.0
2015-04-14,12.045,19.3,0.0,19.1,14380.0,274606000.0,0.0,0.0,19.1,19.3,19.0,14380.0
2015-04-15,12.045,19.3,0.0,19.27,41580.0,801321000.0,0.0,0.0,19.3,19.3,19.1,41580.0
2015-04-16,12.42,19.9,3.1088,19.6,69540.0,1362671000.0,0.0,0.0,19.3,20.0,19.3,69540.0
2015-04-17,12.357,19.8,-0.5025,19.81,33980.0,673018000.0,0.0,0.0,20.0,20.0,19.7,33980.0
2015-04-20,12.545,20.1,1.5152,20.09,31580.0,634422000.0,0.0,0.0,19.8,20.6,19.8,31580.0
2015-04-21,12.108,19.4,-3.4826,19.59,236080.0,4624460000.0,0.0,0.0,19.9,20.1,19.3,236080.0
2015-04-22,12.171,19.5,0.5155,19.49,57540.0,1121319000.0,0.0,0.0,19.3,19.8,19.2,57540.0
2015-04-23,12.296,19.7,1.0256,19.55,12650.0,247289000.0,0.0,0.0,19.5,19.8,19.5,12650.0
2015-04-24,12.171,19.5,-1.0152,19.5,22090.0,430755000.0,0.0,0.0,19.5,19.5,19.5,22090.0
2015-04-27,12.296,19.7,0.0,19.6,40700.0,797660000.0,0.0,0.0,19.5,19.7,19.5,40700.0
2015-05-04,11.982,19.2,-2.5381,19.35,67670.0,1309166000.0,0.0,0.0,19.6,19.6,19.2,67670.0
2015-05-05,12.108,19.4,1.0417,19.45,62890.0,1223447000.0,0.0,0.0,19.2,19.6,19.1,62890.0
2015-05-06,12.108,19.4,0.0,19.37,58010.0,1123379000.0,0.0,0.0,19.3,19.4,19.3,58010.0
2015-05-07,12.045,19.3,-0.5155,19.36,36960.0,715524000.0,0.0,0.0,19.4,19.4,19.3,36960.0
2015-05-08,12.171,19.5,1.0363,19.46,58250.0,1133550000.0,0.0,0.0,19.4,19.5,19.4,58250.0
2015-05-11,12.171,19.5,0.0,19.5,44500.0,867650000.0,0.0,0.0,19.4,19.5,19.4,44500.0
2015-05-12,12.296,19.7,1.0256,19.7,21400.0,421580000.0,0.0,0.0,19.7,19.7,19.7,21400.0
2015-05-13,12.233,19.6,-0.5076,19.6,37400.0,732900000.0,0.0,0.0,19.5,19.6,19.5,37400.0
2015-05-14,12.296,19.7,0.5102,19.59,30760.0,602597000.0,0.0,0.0,19.6,19.7,19.5,30760.0
2015-05-15,12.233,19.6,-0.5076,19.6,31400.0,615540000.0,0.0,0.0,19.7,19.7,19.6,31400.0
2015-05-18,12.171,19.5,-0.5102,19.5,111210.0,2168755000.0,0.0,0.0,19.6,19.6,19.4,111210.0
2015-05-19,12.233,19.6,0.5128,19.57,47000.0,919650000.0,0.0,0.0,19.6,19.6,19.5,47000.0
2015-05-20,12.296,19.7,0.5102,19.6,24450.0,479330000.0,0.0,0.0,19.6,19.7,19.5,24450.0
2015-05-21,12.296,19.7,0.0,19.7,88560.0,1744635000.0,0.0,0.0,20.0,20.0,19.7,88560.0
2015-05-22,12.296,19.7,0.0,19.7,25470.0,501759000.0,0.0,0.0,19.7,19.7,19.7,25470.0
2015-05-25,12.357,19.8,0.5076,19.73,75240.0,1484490000.0,0.0,0.0,19.7,19.8,19.7,75240.0
2015-05-26,12.483,20.0,1.0101,19.97,81580.0,1629500000.0,0.0,0.0,19.8,20.0,19.8,81580.0
2015-05-27,12.483,20.0,0.0,19.9,77990.0,1551821000.0,0.0,0.0,19.6,20.2,19.6,77990.0
2015-05-28,12.483,20.0,0.0,19.83,22310.0,442400000.0,0.0,0.0,20.0,20.0,19.8,22310.0
2015-05-29,12.357,19.8,-1.0,19.81,29510.0,584452000.0,0.0,0.0,20.0,20.0,19.8,29510.0
2015-06-01,12.42,19.9,0.5051,19.93,52080.0,1038194000.0,0.0,0.0,20.0,20.1,19.8,52080.0
2015-06-02,12.296,19.7,-1.005,19.76,13280.0,262472000.0,0.0,0.0,19.9,19.9,19.7,13280.0
2015-06-03,12.296,19.7,0.0,19.66,39400.0,774440000.0,0.0,0.0,19.5,19.8,19.5,39400.0
2015-06-04,12.483,20.0,1.5228,19.82,25000.0,495428000.0,0.0,0.0,19.8,20.0,19.7,25000.0
2015-06-05,12.483,20.0,0.0,19.88,19970.0,397043000.0,0.0,0.0,19.8,20.0,19.8,19970.0
2015-06-08,12.357,19.8,-1.0,19.91,21850.0,434970000.0,0.0,0.0,20.0,20.0,19.8,21850.0
2015-06-09,12.357,19.8,0.0,19.83,57610.0,1142302000.0,0.0,0.0,20.0,20.1,19.7,57610.0
2015-06-10,12.357,19.8,0.0,19.81,190420.0,3771689000.0,0.0,0.0,19.9,19.9,19.8,190420.0
2015-06-11,12.357,19.8,0.0,19.9,51950.0,1033612000.0,0.0,0.0,19.9,20.0,19.8,51950.0
2015-06-12,12.425,18.4,-7.0707,18.34,62120.0,1139219000.0,0.0,0.0,18.3,18.5,18.3,62120.0
2015-06-15,12.29,18.2,-1.087,18.2,3990.0,72623000.0,0.0,0.0,18.5,18.5,18.2,3990.0
2015-06-16,12.29,18.2,0.0,18.18,11510.0,209265000.0,0.0,0.0,18.3,18.3,18.1,11510.0
2015-06-17,12.155,18.0,-1.0989,18.01,22610.0,407282000.0,0.0,0.0,18.2,18.2,18.0,22610.0
2015-06-18,12.223,18.1,0.5556,18.1,15270.0,276407000.0,0.0,0.0,17.9,18.2,17.9,15270.0
2015-06-19,11.953,17.7,-2.2099,17.86,30910.0,552079000.0,0.0,0.0,18.1,18.1,17.6,30910.0
2015-06-22,11.953,17.7,0.0,17.72,13030.0,230832000.0,0.0,0.0,17.8,17.8,17.6,13030.0
2015-06-23,12.155,18.0,1.6949,18.0,20.0,360000.0,0.0,0.0,18.0,18.0,18.0,20.0
2015-06-24,11.953,17.7,-1.6667,17.72,22400.0,396983000.0,0.0,0.0,17.7,17.8,17.7,22400.0
2015-06-25,11.885,17.6,-0.565,17.73,8620.0,152799000.0,0.0,0.0,17.7,17.8,17.6,8620.0
2015-06-26,11.953,17.7,0.5682,17.67,1670.0,29503000.0,0.0,0.0,17.6,17.8,17.6,1670.0
2015-06-29,12.155,18.0,1.6949,17.87,68000.0,1215477000.0,0.0,0.0,17.8,18.0,17.8,68000.0
2015-06-30,12.155,18.0,0.0,18.01,39530.0,712118000.0,0.0,0.0,18.0,18.1,18.0,39530.0
2015-07-01,12.155,18.0,0.0,18.01,42610.0,767596000.0,0.0,0.0,18.2,18.2,18.0,42610.0
2015-07-02,12.155,18.0,0.0,18.0,18700.0,336600000.0,0.0,0.0,18.0,18.0,18.0,18700.0
2015-07-03,12.155,18.0,0.0,18.0,34680.0,624240000.0,0.0,0.0,18.0,18.0,18.0,34680.0
2015-07-06,12.155,18.0,0.0,17.99,37550.0,675637000.0,0.0,0.0,18.0,18.0,17.9,37550.0
2015-07-07,12.155,18.0,0.0,17.9,17940.0,321128000.0,0.0,0.0,17.9,18.0,17.9,17940.0
2015-07-08,12.155,18.0,0.0,17.9,14370.0,257290000.0,0.0,0.0,17.8,18.0,17.8,14370.0
2015-07-09,12.155,18.0,0.0,18.0,178100.0,3205800000.0,0.0,0.0,18.0,18.0,18.0,178100.0
2015-07-10,12.155,18.0,0.0,18.0,102380.0,1842840000.0,0.0,0.0,18.0,18.0,18.0,102380.0
2015-07-13,12.155,18.0,0.0,18.0,117660.0,2118000000.0,0.0,0.0,18.0,18.0,18.0,117660.0
2015-07-14,12.223,18.1,0.5556,18.01,23030.0,414783000.0,0.0,0.0,18.1,18.1,18.0,23030.0
2015-07-15,12.223,18.1,0.0,18.0,97700.0,1758700000.0,0.0,0.0,18.0,18.1,18.0,97700.0
2015-07-16,12.155,18.0,-0.5525,18.0,98500.0,1773000000.0,0.0,0.0,18.0,18.0,18.0,98500.0
2015-07-17,12.155,18.0,0.0,18.0,62850.0,1131299000.0,0.0,0.0,17.9,18.0,17.9,62850.0
2015-07-20,12.155,18.0,0.0,18.0,205450.0,3698200000.0,156900.0,2635920000.0,18.0,18.1,18.0,362350.0
2015-07-21,12.223,18.1,0.5556,18.01,100740.0,1814830000.0,0.0,0.0,18.0,18.1,18.0,100740.0
2015-07-22,12.155,18.0,-0.5525,18.02,81030.0,1460513000.0,0.0,0.0,18.1,18.1,18.0,81030.0
2015-07-23,12.155,18.0,0.0,18.02,21900.0,394730000.0,0.0,0.0,18.1,18.1,18.0,21900.0
2015-07-24,12.223,18.1,0.5556,18.1,4300.0,77830000.0,0.0,0.0,18.1,18.1,18.1,4300.0
2015-07-27,12.223,18.1,0.0,18.1,9240.0,167245000.0,0.0,0.0,18.2,18.2,18.1,9240.0
2015-07-28,12.29,18.2,0.5525,18.17,11800.0,214380000.0,0.0,0.0,18.1,18.2,18.1,11800.0
2015-07-29,12.223,18.1,-0.5495,18.16,19400.0,352380000.0,0.0,0.0,18.1,18.2,18.1,19400.0
2015-07-30,12.29,18.2,0.5525,18.21,29160.0,531028000.0,0.0,0.0,18.3,18.3,18.2,29160.0
2015-07-31,12.29,18.2,0.0,18.2,19430.0,353630000.0,0.0,0.0,18.2,18.3,18.2,19430.0
2015-08-03,12.357,18.3,0.5495,18.2,12980.0,236240000.0,0.0,0.0,18.3,18.3,18.2,12980.0
2015-08-04,12.425,18.4,0.5464,18.23,42140.0,768384000.0,0.0,0.0,18.3,18.4,18.2,42140.0
2015-08-05,12.425,18.4,0.0,18.28,23760.0,434450000.0,0.0,0.0,18.3,18.4,18.2,23760.0
2015-08-06,12.493,18.5,0.5435,18.38,26800.0,492575000.0,0.0,0.0,18.4,18.5,18.3,26800.0
2015-08-07,12.493,18.5,0.0,18.4,7910.0,145546000.0,0.0,0.0,18.4,18.5,18.4,7910.0
2015-08-10,12.56,18.6,0.5405,18.48,12650.0,233735000.0,0.0,0.0,18.5,18.6,18.4,12650.0
2015-08-11,12.493,18.5,-0.5376,18.59,24210.0,450056000.0,0.0,0.0,18.6,18.6,18.5,24210.0
2015-08-12,12.493,18.5,0.0,18.54,16560.0,307080000.0,0.0,0.0,18.5,18.6,18.5,16560.0
2015-08-13,12.357,18.3,-1.0811,18.32,34790.0,637426000.0,0.0,0.0,18.3,18.4,18.3,34790.0
2015-08-14,12.493,18.5,1.0929,18.5,18060.0,334110000.0,0.0,0.0,18.5,18.5,18.5,18060.0
2015-08-17,12.425,18.4,-0.5405,18.34,21470.0,393832000.0,0.0,0.0,18.5,18.5,18.3,21470.0
2015-08-18,12.357,18.3,-0.5435,18.29,6260.0,114497000.0,0.0,0.0,18.4,18.4,18.2,6260.0
2015-08-19,12.357,18.3,0.0,18.29,9010.0,164773000.0,0.0,0.0,18.2,18.3,18.2,9010.0
2015-08-20,12.29,18.2,-0.5464,18.24,142010.0,2590472000.0,0.0,0.0,18.3,18.3,18.2,142010.0
2015-08-21,12.223,18.1,-0.5495,18.18,126920.0,2307232000.0,0.0,0.0,18.1,18.2,18.0,126920.0
2015-08-24,12.087,17.9,-1.105,18.0,173370.0,3120851000.0,0.0,0.0,18.0,18.1,17.0,173370.0
2015-08-25,12.021,17.8,-0.5587,17.89,58130.0,1039859000.0,0.0,0.0,17.9,18.0,17.8,58130.0
2015-08-26,12.155,18.0,1.1236,18.0,25040.0,450719000.0,0.0,0.0,18.0,18.0,17.9,25040.0
2015-08-27,12.223,18.1,0.5556,18.1,18690.0,338292000.0,0.0,0.0,18.1,18.2,18.1,18690.0
2015-08-28,12.223,18.1,0.0,18.15,47300.0,858569000.0,0.0,0.0,18.1,18.2,18.1,47300.0
2015-08-31,12.29,18.2,0.5525,18.0,3910.0,70387000.0,0.0,0.0,18.1,18.2,18.0,3910.0
2015-09-01,12.29,18.2,0.0,17.7,20.0,354000.0,0.0,0.0,17.2,18.2,17.2,20.0
2015-09-03,12.223,18.1,-0.5495,18.2,79270.0,1442713000.0,0.0,0.0,18.2,18.2,18.1,79270.0
2015-09-04,12.223,18.1,0.0,18.1,10150.0,183715000.0,0.0,0.0,18.1,18.1,18.1,10150.0
2015-09-07,12.223,18.1,0.0,18.1,1500.0,27150000.0,0.0,0.0,18.1,18.1,18.1,1500.0
2015-09-08,12.29,18.2,0.5525,18.13,34800.0,631080000.0,0.0,0.0,18.1,18.2,18.1,34800.0
2015-09-09,12.493,18.5,1.6484,18.45,63900.0,1179098000.0,0.0,0.0,18.3,18.6,18.3,63900.0
2015-09-10,12.628,18.7,1.0811,18.7,10.0,187000.0,0.0,0.0,18.7,18.7,18.7,10.0
2015-09-11,12.628,18.7,0.0,0.0,0.0,0.0,0.0,0.0,18.7,18.7,18.7,0.0
2015-09-14,12.628,18.7,0.0,0.0,0.0,0.0,0.0,0.0,18.7,18.7,18.7,0.0
2015-09-15,12.425,18.4,-1.6043,18.9,20.0,378000.0,0.0,0.0,19.4,19.4,18.4,20.0
2015-09-16,12.493,18.5,0.5435,18.5,20.0,370000.0,0.0,0.0,18.5,18.5,18.5,20.0
2015-09-17,12.357,18.3,-1.0811,18.3,5020.0,91866000.0,0.0,0.0,18.3,18.3,18.3,5020.0
2015-09-18,12.493,18.5,1.0929,18.37,26190.0,481183000.0,0.0,0.0,18.3,18.5,18.3,26190.0
2015-09-21,12.493,18.5,0.0,18.33,13230.0,242557000.0,0.0,0.0,18.3,18.6,18.3,13230.0
2015-09-22,12.493,18.5,0.0,18.4,3250.0,59802000.0,0.0,0.0,18.4,18.5,18.4,3250.0
2015-09-23,12.493,18.5,0.0,18.37,11530.0,211824000.0,0.0,0.0,18.4,19.6,18.3,11530.0
2015-09-24,12.56,18.6,0.5405,18.6,10.0,186000.0,0.0,0.0,18.6,18.6,18.6,10.0
2015-09-25,12.56,18.6,0.0,18.4,2380.0,43800000.0,0.0,0.0,18.4,18.6,18.4,2380.0
2015-09-28,12.628,18.7,0.5376,18.5,7360.0,136162000.0,0.0,0.0,18.5,18.7,18.5,7360.0
2015-09-29,12.628,18.7,0.0,0.0,0.0,0.0,0.0,0.0,18.7,18.7,18.7,0.0
2015-09-30,12.628,18.7,0.0,18.55,100.0,1855000.0,0.0,0.0,18.4,18.7,18.4,100.0
2015-10-01,12.628,18.7,0.0,18.36,10810.0,198427000.0,0.0,0.0,18.4,18.7,18.3,10810.0
2015-10-02,12.628,18.7,0.0,18.56,14230.0,264061000.0,0.0,0.0,18.5,18.7,18.5,14230.0
2015-10-05,12.763,18.9,1.0695,18.68,7330.0,136923000.0,0.0,0.0,18.5,18.9,18.5,7330.0
2015-10-06,13.101,19.4,2.6455,19.04,31710.0,603738000.0,0.0,0.0,19.0,19.4,18.8,31710.0
2015-10-07,12.831,19.0,-2.0619,19.08,8400.0,160280000.0,0.0,0.0,19.0,19.2,19.0,8400.0
2015-10-08,12.831,19.0,0.0,19.0,20370.0,387030000.0,0.0,0.0,19.0,19.0,19.0,20370.0
2015-10-09,12.831,19.0,0.0,19.0,105300.0,2000500000.0,0.0,0.0,19.0,19.0,18.9,105300.0
2015-10-12,12.831,19.0,0.0,18.98,33790.0,641310000.0,0.0,0.0,19.0,19.0,18.9,33790.0
2015-10-13,12.831,19.0,0.0,18.91,11670.0,220630000.0,0.0,0.0,18.9,19.0,18.9,11670.0
2015-10-14,12.831,19.0,0.0,18.82,20810.0,391640000.0,0.0,0.0,18.9,19.0,18.5,20810.0
2015-10-15,12.831,19.0,0.0,18.99,8030.0,152468000.0,0.0,0.0,19.0,19.0,18.9,8030.0
2015-10-16,12.763,18.9,-0.5263,18.91,28000.0,529400000.0,0.0,0.0,19.0,19.0,18.9,28000.0
2015-10-19,12.831,19.0,0.5291,18.9,31910.0,603036000.0,0.0,0.0,18.9,19.0,18.8,31910.0
2015-10-20,12.831,19.0,0.0,18.88,11600.0,218955000.0,0.0,0.0,19.0,19.0,18.8,11600.0
2015-10-21,12.763,18.9,-0.5263,18.52,5330.0,98709000.0,0.0,0.0,18.6,18.9,18.5,5330.0
2015-10-22,12.493,18.5,-2.1164,18.54,8420.0,156074000.0,0.0,0.0,18.5,18.9,18.5,8420.0
2015-10-23,12.56,18.6,0.5405,18.6,11910.0,221524000.0,0.0,0.0,18.5,19.0,18.5,11910.0
2015-10-26,12.493,18.5,-0.5376,18.5,3000.0,55500000.0,0.0,0.0,18.5,18.5,18.5,3000.0
2015-10-27,12.628,18.7,1.0811,18.63,12950.0,241224000.0,0.0,0.0,19.0,19.0,18.6,12950.0
2015-10-28,12.628,18.7,0.0,18.74,11990.0,224713000.0,0.0,0.0,18.8,18.8,18.7,11990.0
2015-10-29,12.628,18.7,0.0,18.6,10820.0,201259000.0,0.0,0.0,18.6,18.8,18.6,10820.0
2015-10-30,13.101,19.4,3.7433,18.93,30980.0,586325000.0,0.0,0.0,18.7,19.5,18.7,30980.0
2015-11-02,12.831,19.0,-2.0619,19.09,38140.0,728055000.0,0.0,0.0,20.0,20.0,19.0,38140.0
2015-11-03,12.831,19.0,0.0,18.92,23820.0,450678000.0,0.0,0.0,19.0,19.0,18.9,23820.0
2015-11-04,12.899,19.1,0.5263,19.03,19150.0,364400000.0,0.0,0.0,19.0,19.1,19.0,19150.0
2015-11-05,12.831,19.0,-0.5236,19.0,65300.0,1240985000.0,0.0,0.0,19.0,19.1,19.0,65300.0
2015-11-06,12.831,19.0,0.0,19.01,55900.0,1062639000.0,0.0,0.0,19.2,19.2,19.0,55900.0
2015-11-09,12.966,19.2,1.0526,19.2,210.0,4032000.0,0.0,0.0,19.2,19.2,19.2,210.0
2015-11-10,12.966,19.2,0.0,19.2,29180.0,560265000.0,0.0,0.0,19.9,19.9,19.2,29180.0
2015-11-11,12.966,19.2,0.0,19.2,31770.0,609988000.0,0.0,0.0,19.2,19.3,19.2,31770.0
2015-11-12,13.033,19.3,0.5208,19.3,17240.0,332734000.0,0.0,0.0,19.3,19.4,19.3,17240.0
2015-11-13,13.101,19.4,0.5181,19.31,77030.0,1487082000.0,0.0,0.0,19.4,19.4,19.3,77030.0
2015-11-16,13.033,19.3,-0.5155,19.31,47220.0,911846000.0,0.0,0.0,19.3,19.4,19.3,47220.0
2015-11-17,13.033,19.3,0.0,19.3,24010.0,463290000.0,0.0,0.0,19.3,19.3,19.2,24010.0
2015-11-18,12.966,19.2,-0.5181,19.25,3950.0,76040000.0,0.0,0.0,19.3,19.3,19.2,3950.0
2015-11-19,12.966,19.2,0.0,19.3,51850.0,1000570000.0,0.0,0.0,19.3,19.3,19.2,51850.0
2015-11-20,13.033,19.3,0.5208,19.24,26820.0,515971000.0,0.0,0.0,19.2,19.3,19.2,26820.0
2015-11-23,13.033,19.3,0.0,19.3,9070.0,175051000.0,0.0,0.0,19.3,19.3,19.3,9070.0
2015-11-24,12.966,19.2,-0.5181,19.24,18960.0,364807000.0,0.0,0.0,19.3,19.5,19.2,18960.0
2015-11-25,13.033,19.3,0.5208,19.31,14310.0,276316000.0,0.0,0.0,20.0,20.0,19.3,14310.0
2015-11-26,13.033,19.3,0.0,19.3,4850.0,93605000.0,0.0,0.0,19.3,19.3,19.3,4850.0
2015-11-27,12.966,19.2,-0.5181,19.21,56000.0,1075700000.0,0.0,0.0,19.3,19.3,19.2,56000.0
2015-11-30,12.966,19.2,0.0,19.12,10140.0,193888000.0,0.0,0.0,19.2,19.2,19.1,10140.0
2015-12-01,12.966,19.2,0.0,19.07,13000.0,247914000.0,760000.0,13984000000.0,19.0,19.2,19.0,773000.0
2015-12-02,13.033,19.3,0.5208,19.21,220.0,4226000.0,0.0,0.0,19.2,19.3,19.2,220.0
2015-12-03,12.966,19.2,-0.5181,19.2,21700.0,416640000.0,0.0,0.0,19.2,19.2,19.2,21700.0
2015-12-04,12.966,19.2,0.0,19.2,59210.0,1136832000.0,0.0,0.0,19.2,19.2,19.2,59210.0
2015-12-07,12.899,19.1,-0.5208,19.2,35690.0,685238000.0,0.0,0.0,19.2,19.2,19.1,35690.0
2015-12-08,12.899,19.1,0.0,19.1,1100.0,21010000.0,0.0,0.0,19.1,19.1,19.1,1100.0
2015-12-09,12.899,19.1,0.0,0.0,0.0,0.0,0.0,0.0,19.1,19.1,19.1,0.0
2015-12-10,12.831,19.0,-0.5236,19.0,26900.0,511100000.0,0.0,0.0,19.0,19.0,19.0,26900.0
2015-12-11,12.831,19.0,0.0,0.0,0.0,0.0,0.0,0.0,19.0,19.0,19.0,0.0
2015-12-14,12.763,18.9,-0.5263,18.92,30000.0,567500000.0,0.0,0.0,19.0,19.0,18.8,30000.0
2015-12-15,12.763,18.9,0.0,18.9,10.0,189000.0,0.0,0.0,18.9,18.9,18.9,10.0
2015-12-16,12.831,19.0,0.5291,19.0,61010.0,1159192000.0,0.0,0.0,19.2,19.2,19.0,61010.0
2015-12-17,12.831,19.0,0.0,19.0,104060.0,1977135000.0,0.0,0.0,19.0,19.0,18.9,104060.0
2015-12-18,12.831,19.0,0.0,19.0,300.0,5700000.0,0.0,0.0,19.0,19.0,19.0,300.0
2015-12-21,12.695,18.8,-1.0526,19.22,4250.0,81680000.0,0.0,0.0,20.0,20.0,18.8,4250.0
2015-12-22,12.56,18.6,-1.0638,18.7,5990.0,112010000.0,0.0,0.0,18.8,18.8,18.6,5990.0
2015-12-23,12.56,18.6,0.0,18.6,2000.0,37200000.0,0.0,0.0,18.6,18.6,18.6,2000.0
2015-12-24,13.101,19.4,4.3011,18.6,10010.0,186194000.0,0.0,0.0,18.6,19.4,18.6,10010.0
2015-12-25,13.304,19.7,1.5464,19.7,10.0,197000.0,0.0,0.0,19.7,19.7,19.7,10.0
2015-12-28,13.304,19.7,0.0,0.0,0.0,0.0,0.0,0.0,19.7,19.7,19.7,0.0
2015-12-29,13.304,19.7,0.0,0.0,0.0,0.0,0.0,0.0,19.7,19.7,19.7,0.0
2015-12-30,12.831,19.0,-3.5533,19.0,8810.0,167401000.0,0.0,0.0,20.1,20.1,19.0,8810.0
2015-12-31,12.831,19.0,0.0,19.0,21000.0,399000000.0,0.0,0.0,19.0,19.0,19.0,21000.0
2016-01-04,12.831,19.0,0.0,19.0,105570.0,2005830000.0,0.0,0.0,19.0,19.0,19.0,105570.0
2016-01-05,12.831,19.0,0.0,19.0,16900.0,321100000.0,0.0,0.0,19.0,19.0,19.0,16900.0
2016-01-06,12.831,19.0,0.0,0.0,0.0,0.0,0.0,0.0,19.0,19.0,19.0,0.0
2016-01-07,12.763,18.9,-0.5263,18.97,81080.0,1537976000.0,0.0,0.0,19.0,19.1,18.8,81080.0
2016-01-08,12.695,18.8,-0.5291,18.8,4270.0,80291000.0,0.0,0.0,18.9,18.9,18.8,4270.0
2016-01-11,12.56,18.6,-1.0638,18.61,22870.0,425592000.0,0.0,0.0,18.6,18.8,18.6,22870.0
2016-01-12,12.695,18.8,1.0753,18.62,5420.0,100896000.0,0.0,0.0,18.8,18.8,18.6,5420.0
2016-01-13,12.831,19.0,1.0638,19.0,1840.0,34960000.0,0.0,0.0,19.0,19.0,19.0,1840.0
2016-01-14,12.56,18.6,-2.1053,18.46,9360.0,172770000.0,0.0,0.0,18.5,18.6,18.4,9360.0
2016-01-15,12.56,18.6,0.0,18.6,2000.0,37200000.0,0.0,0.0,18.6,18.6,18.6,2000.0
2016-01-18,12.56,18.6,0.0,18.48,9500.0,175550000.0,0.0,0.0,18.2,18.6,18.2,9500.0
2016-01-19,12.56,18.6,0.0,18.6,9800.0,182280000.0,0.0,0.0,18.6,18.6,18.6,9800.0
2016-01-20,12.56,18.6,0.0,18.6,3000.0,55800000.0,0.0,0.0,18.6,18.6,18.6,3000.0
2016-01-21,12.493,18.5,-0.5376,18.6,17020.0,316567000.0,0.0,0.0,18.6,18.6,18.5,17020.0
2016-01-22,12.56,18.6,0.5405,18.89,10450.0,197370000.0,0.0,0.0,18.9,18.9,18.6,10450.0
2016-01-25,12.831,19.0,2.1505,18.6,1850.0,34418000.0,0.0,0.0,18.6,19.0,18.6,1850.0
2016-01-26,12.56,18.6,-2.1053,18.6,7600.0,141360000.0,0.0,0.0,18.6,18.6,18.6,7600.0
2016-01-27,12.56,18.6,0.0,18.51,23580.0,436430000.0,0.0,0.0,18.5,18.6,18.5,23580.0
2016-01-28,12.56,18.6,0.0,18.6,7570.0,140802000.0,0.0,0.0,18.6,18.6,18.6,7570.0
2016-01-29,12.628,18.7,0.5376,18.69,1870.0,34949000.0,0.0,0.0,18.7,18.7,18.6,1870.0
2016-02-01,12.628,18.7,0.0,18.54,5000.0,92700000.0,0.0,0.0,18.5,18.7,18.5,5000.0
2016-02-02,12.628,18.7,0.0,18.53,6010.0,111387000.0,0.0,0.0,18.5,18.7,18.5,6010.0
2016-02-03,12.628,18.7,0.0,18.64,7660.0,142768000.0,0.0,0.0,18.5,18.7,18.5,7660.0
2016-02-04,12.899,19.1,2.139,19.1,1000.0,19100000.0,0.0,0.0,19.1,19.1,19.1,1000.0
2016-02-05,12.899,19.1,0.0,19.1,1400.0,26740000.0,0.0,0.0,19.1,19.1,19.1,1400.0
2016-02-15,12.899,19.1,0.0,0.0,0.0,0.0,0.0,0.0,19.1,19.1,19.1,0.0
2016-02-16,12.899,19.1,0.0,18.22,10310.0,187801000.0,0.0,0.0,18.2,19.1,18.2,10310.0
2016-02-17,12.899,19.1,0.0,19.1,250.0,4775000.0,0.0,0.0,19.1,19.1,19.1,250.0
2016-02-18,12.56,18.6,-2.6178,18.61,3430.0,63838000.0,0.0,0.0,19.0,19.0,18.6,3430.0
2016-02-19,12.831,19.0,2.1505,19.0,6200.0,117800000.0,0.0,0.0,19.0,19.0,19.0,6200.0
2016-02-22,12.56,18.6,-2.1053,19.0,11000.0,204600000.0,0.0,0.0,18.6,18.6,18.6,11000.0
2016-02-23,12.831,19.0,2.1505,18.66,51440.0,959818000.0,0.0,0.0,18.7,19.0,18.6,51440.0
2016-02-24,12.831,19.0,0.0,18.6,1370.0,25486000.0,0.0,0.0,18.6,19.0,18.6,1370.0
2016-02-25,12.628,18.7,-1.5789,18.66,13920.0,259804000.0,0.0,0.0,18.7,18.7,18.6,13920.0
2016-02-26,12.628,18.7,0.0,0.0,0.0,0.0,0.0,0.0,18.7,18.7,18.7,0.0
2016-02-29,12.628,18.7,0.0,0.0,0.0,0.0,0.0,0.0,18.7,18.7,18.7,0.0
2016-03-01,12.56,18.6,-0.5348,18.6,8310.0,154570000.0,0.0,0.0,18.7,18.7,18.6,8310.0
2016-03-02,12.493,18.5,-0.5376,18.6,34860.0,648386000.0,0.0,0.0,18.6,18.6,18.5,34860.0
2016-03-03,12.425,18.4,-0.5405,18.51,9210.0,170508000.0,0.0,0.0,18.5,18.6,18.4,9210.0
2016-03-04,12.493,18.5,0.5435,18.5,38160.0,705960000.0,0.0,0.0,18.5,18.5,18.5,38160.0
2016-03-07,12.493,18.5,0.0,18.42,44720.0,823740000.0,0.0,0.0,18.6,18.6,18.4,44720.0
2016-03-08,12.493,18.5,0.0,18.5,15660.0,289710000.0,0.0,0.0,18.5,18.5,18.5,15660.0
2016-03-09,12.493,18.5,0.0,18.5,1000.0,18500000.0,0.0,0.0,18.5,18.5,18.5,1000.0
2016-03-10,12.56,18.6,0.5405,18.6,3760.0,69936000.0,0.0,0.0,18.6,18.6,18.6,3760.0
2016-03-11,12.628,18.7,0.5376,18.7,20.0,374000.0,0.0,0.0,18.7,18.7,18.7,20.0
2016-03-14,12.493,18.5,-1.0695,18.5,12000.0,222000000.0,0.0,0.0,18.5,18.5,18.5,12000.0
2016-03-15,12.493,18.5,0.0,18.5,15010.0,277685000.0,0.0,0.0,18.5,18.5,18.5,15010.0
2016-03-16,12.628,18.7,1.0811,18.54,19700.0,365316000.0,0.0,0.0,18.5,18.7,18.5,19700.0
2016-03-17,12.763,18.9,1.0695,18.74,7110.0,133261000.0,0.0,0.0,18.7,18.9,18.7,7110.0
2016-03-18,12.831,19.0,0.5291,18.88,14070.0,265623000.0,0.0,0.0,18.8,19.0,18.8,14070.0
2016-03-21,12.695,18.8,-1.0526,18.63,17530.0,326571000.0,0.0,0.0,19.0,19.0,18.5,17530.0
2016-03-22,12.695,18.8,0.0,18.5,8030.0,148564000.0,0.0,0.0,18.5,18.8,18.5,8030.0
2016-03-23,12.695,18.8,0.0,18.5,5130.0,94914000.0,0.0,0.0,18.8,18.8,18.5,5130.0
2016-03-24,12.628,18.7,-0.5319,18.67,310.0,5789000.0,0.0,0.0,18.8,18.8,18.6,310.0
2016-03-25,12.493,18.5,-1.0695,18.5,6210.0,114888000.0,0.0,0.0,18.7,18.7,18.5,6210.0
2016-03-28,12.695,18.8,1.6216,18.6,2940.0,54673000.0,0.0,0.0,18.5,18.8,18.5,2940.0
2016-03-29,12.695,18.8,0.0,18.56,32690.0,606607000.0,0.0,0.0,18.7,18.9,18.5,32690.0
2016-03-30,12.695,18.8,0.0,18.64,8260.0,153943000.0,93500.0,1748450000.0,18.6,18.8,18.6,101760.0
2016-03-31,12.695,18.8,0.0,18.83,60.0,1130000.0,0.0,0.0,19.0,19.0,18.8,60.0
2016-04-01,12.493,18.5,-1.5957,18.51,61670.0,1141383000.0,0.0,0.0,18.7,18.7,18.4,61670.0
2016-04-04,12.493,18.5,0.0,18.485,14390.0,266000000.0,0.0,0.0,18.6,18.6,18.4,14390.0
2016-04-05,11.818,17.5,-5.4054,18.37,20020.0,367778000.0,0.0,0.0,18.3,19.4,17.5,20020.0
2016-04-06,12.155,18.0,2.8571,18.23,8400.0,153090000.0,0.0,0.0,18.4,18.4,18.0,8400.0
2016-04-07,12.29,18.2,1.1111,18.21,24450.0,445315000.0,0.0,0.0,18.5,18.5,18.2,24450.0
2016-04-08,12.29,18.2,0.0,18.21,1730.0,31502000.0,0.0,0.0,18.4,18.4,18.2,1730.0
2016-04-11,12.29,18.2,0.0,18.14,8000.0,145150000.0,0.0,0.0,18.3,18.3,18.1,8000.0
2016-04-12,12.29,18.2,0.0,18.2,42000.0,764200000.0,0.0,0.0,18.2,18.2,18.1,42000.0
2016-04-13,12.29,18.2,0.0,18.2,26070.0,474474000.0,0.0,0.0,18.2,18.2,18.2,26070.0
2016-04-14,12.29,18.2,0.0,18.2,18560.0,337792000.0,0.0,0.0,18.2,18.2,18.2,18560.0
2016-04-15,12.357,18.3,0.5495,18.2,5530.0,100647000.0,0.0,0.0,18.2,18.3,18.2,5530.0
2016-04-19,12.29,18.2,-0.5464,18.2,5020.0,91364000.0,0.0,0.0,18.2,18.2,18.2,5020.0
2016-04-20,12.493,18.5,1.6484,18.2,26300.0,478663000.0,0.0,0.0,18.2,18.5,18.2,26300.0
2016-04-21,12.29,18.2,-1.6216,18.22,5870.0,106934000.0,0.0,0.0,18.3,18.3,18.2,5870.0
2016-04-22,12.29,18.2,0.0,18.2,16200.0,294840000.0,50000.0,925000000.0,18.2,18.2,18.2,66200.0
2016-04-25,12.223,18.1,-0.5495,18.14,110.0,1995000.0,0.0,0.0,18.5,18.5,18.1,110.0
2016-04-26,12.223,18.1,0.0,18.19,10660.0,193944000.0,0.0,0.0,18.5,18.5,18.1,10660.0
2016-04-27,12.29,18.2,0.5525,18.14,5720.0,103742000.0,0.0,0.0,18.2,18.2,18.0,5720.0
2016-04-28,12.29,18.2,0.0,18.1,27560.0,498860000.0,0.0,0.0,18.2,18.2,18.1,27560.0
2016-04-29,12.29,18.2,0.0,18.2,32800.0,596960000.0,0.0,0.0,18.2,18.2,18.2,32800.0
2016-05-04,12.29,18.2,0.0,18.17,4360.0,79241000.0,0.0,0.0,18.2,18.2,18.1,4360.0
2016-05-05,12.357,18.3,0.5495,18.13,3630.0,65830000.0,0.0,0.0,18.2,18.3,18.1,3630.0
2016-05-06,12.493,18.5,1.0929,18.46,5360.0,98967000.0,0.0,0.0,18.4,19.3,18.4,5360.0
2016-05-09,12.223,18.1,-2.1622,18.1,1000.0,18100000.0,0.0,0.0,18.1,18.1,18.1,1000.0
2016-05-10,12.425,18.4,1.6575,18.44,35120.0,647583000.0,0.0,0.0,19.3,19.3,18.4,35120.0
2016-05-11,12.425,18.4,0.0,18.38,43170.0,793254000.0,0.0,0.0,18.5,18.5,18.2,43170.0
2016-05-12,12.425,18.4,0.0,18.9,1250.0,23625000.0,0.0,0.0,18.9,19.0,18.4,1250.0
2016-05-13,12.831,19.0,3.2609,18.59,13910.0,258530000.0,140000.0,2660000000.0,18.6,19.0,18.5,153910.0
2016-05-16,12.493,18.5,-2.6316,18.58,82410.0,1531506000.0,29100.0,552900000.0,18.6,18.7,18.5,111510.0
2016-05-17,12.56,18.6,0.5405,18.61,5780.0,107585000.0,0.0,0.0,18.7,18.7,18.6,5780.0
2016-05-18,12.56,18.6,0.0,18.6,10830.0,201438000.0,0.0,0.0,18.6,18.6,18.6,10830.0
2016-05-19,12.628,18.7,0.5376,18.76,10840.0,203408000.0,0.0,0.0,18.7,19.0,18.7,10840.0
2016-05-20,12.628,18.7,0.0,18.72,7930.0,148441000.0,0.0,0.0,19.0,19.0,18.7,7930.0
2016-05-23,13.236,19.6,4.8128,19.39,16130.0,312717000.0,0.0,0.0,19.0,19.6,18.9,16130.0
2016-05-24,12.899,19.1,-2.551,19.57,3070.0,60075000.0,0.0,0.0,19.7,19.8,19.1,3070.0
2016-05-25,13.236,19.6,2.6178,19.1,7010.0,133896000.0,0.0,0.0,19.1,19.6,19.1,7010.0
2016-05-26,12.899,19.1,-2.551,19.11,26770.0,511594000.0,78120.0,1453032000.0,19.6,19.6,19.0,104890.0
2016-05-27,12.899,19.1,0.0,19.15,6360.0,121812000.0,120000.0,2256000000.0,19.2,19.2,19.1,126360.0
2016-05-30,12.899,19.1,0.0,19.1,10100.0,192910000.0,120000.0,2268000000.0,19.1,19.1,19.1,130100.0
2016-05-31,12.899,19.1,0.0,19.1,19000.0,362900000.0,0.0,0.0,19.1,19.1,19.1,19000.0
2016-06-01,12.899,19.1,0.0,19.19,11100.0,213000000.0,0.0,0.0,19.2,19.3,19.1,11100.0
2016-06-02,13.033,19.3,1.0471,19.28,10380.0,200083000.0,0.0,0.0,19.2,19.3,19.2,10380.0
2016-06-03,13.033,19.3,0.0,19.3,13340.0,257482000.0,0.0,0.0,19.3,19.4,19.3,13340.0
2016-06-06,12.966,19.2,-0.5181,19.26,98560.0,1897848000.0,0.0,0.0,19.3,19.4,19.2,98560.0
2016-06-07,13.033,19.3,0.5208,19.3,20500.0,395650000.0,0.0,0.0,19.3,19.3,19.3,20500.0
2016-06-08,13.573,20.1,4.1451,19.76,51490.0,1017528000.0,0.0,0.0,19.5,20.5,19.5,51490.0
2016-06-09,13.64,20.2,0.4975,20.25,1360.0,27543000.0,0.0,0.0,20.2,20.3,20.2,1360.0
2016-06-10,13.507,20.0,-0.9901,19.96,24200.0,482933000.0,0.0,0.0,19.5,20.1,19.5,24200.0
2016-06-13,13.168,19.5,-2.5,19.43,29820.0,579488000.0,0.0,0.0,19.3,19.6,19.3,29820.0
2016-06-14,13.236,19.6,0.5128,19.47,11210.0,218225000.0,0.0,0.0,19.5,19.6,19.4,11210.0
2016-06-15,13.236,19.6,0.0,19.6,11150.0,218569000.0,0.0,0.0,19.7,19.7,19.6,11150.0
2016-06-16,13.304,19.7,0.5102,19.68,9230.0,181651000.0,0.0,0.0,19.6,19.7,19.6,9230.0
2016-06-17,13.371,19.8,0.5076,19.7,17940.0,353419000.0,0.0,0.0,19.7,19.8,19.7,17940.0
2016-06-20,13.371,19.8,0.0,19.8,41400.0,819720000.0,0.0,0.0,19.8,19.8,19.8,41400.0
2016-06-21,13.438,19.9,0.5051,19.87,31380.0,623364000.0,0.0,0.0,19.8,19.9,19.7,31380.0
2016-06-22,13.573,20.1,1.005,20.05,50820.0,1019012000.0,0.0,0.0,19.8,20.2,19.8,50820.0
2016-06-23,13.648,18.6,0.5405,18.55,73180.0,1357846000.0,0.0,0.0,18.6,18.6,18.5,73180.0
2016-06-24,13.573,18.5,-0.5376,18.48,31600.0,584003000.0,0.0,0.0,18.6,18.6,18.4,31600.0
2016-06-27,13.573,18.5,0.0,18.42,8510.0,156734000.0,0.0,0.0,18.5,18.5,18.4,8510.0
2016-06-28,13.648,18.6,0.5405,18.74,21370.0,400415000.0,0.0,0.0,18.4,18.8,18.4,21370.0
2016-06-29,13.573,18.5,-0.5376,18.5,760.0,14060000.0,0.0,0.0,18.5,18.5,18.5,760.0
2016-06-30,13.72,18.7,1.0811,18.69,18630.0,348131000.0,0.0,0.0,18.5,18.7,18.5,18630.0
2016-07-01,13.94,19.0,1.6043,18.9,45480.0,859526000.0,0.0,0.0,18.7,19.0,18.7,45480.0
2016-07-04,13.648,18.6,-2.1053,18.62,5300.0,98710000.0,0.0,0.0,18.7,18.7,18.6,5300.0
2016-07-05,13.648,18.6,0.0,18.62,1240.0,23085000.0,0.0,0.0,18.7,18.7,18.6,1240.0
2016-07-06,13.648,18.6,0.0,18.55,8660.0,160676000.0,0.0,0.0,18.6,18.6,18.5,8660.0
2016-07-07,13.793,18.8,1.0753,18.73,2650.0,49640000.0,0.0,0.0,18.6,18.8,18.6,2650.0
2016-07-08,13.94,19.0,1.0638,19.0,17900.0,340100000.0,0.0,0.0,19.0,19.0,19.0,17900.0
2016-07-11,13.94,19.0,0.0,19.0,54130.0,1028470000.0,0.0,0.0,19.0,19.0,19.0,54130.0
2016-07-12,13.94,19.0,0.0,18.99,40730.0,773361000.0,0.0,0.0,19.0,19.0,18.7,40730.0
2016-07-13,13.94,19.0,0.0,19.0,38890.0,738910000.0,0.0,0.0,19.0,19.0,19.0,38890.0
2016-07-14,13.94,19.0,0.0,0.0,0.0,0.0,0.0,0.0,19.0,19.0,19.0,0.0
2016-07-15,13.94,19.0,0.0,19.01,12710.0,241616000.0,0.0,0.0,19.0,19.1,19.0,12710.0
2016-07-18,14.014,19.1,0.5263,19.0,26010.0,494191000.0,0.0,0.0,19.0,19.1,19.0,26010.0
2016-07-19,14.161,19.3,1.0471,19.14,8120.0,155384000.0,0.0,0.0,19.2,19.5,19.1,8120.0
2016-07-20,13.94,19.0,-1.5544,19.0,27740.0,526960000.0,0.0,0.0,18.9,19.0,18.9,27740.0
2016-07-21,14.161,19.3,1.5789,19.13,21670.0,414644000.0,0.0,0.0,19.0,19.3,18.9,21670.0
2016-07-22,14.087,19.2,-0.5181,19.22,3200.0,61501000.0,0.0,0.0,19.0,19.3,19.0,3200.0
2016-07-25,14.307,19.5,1.5625,19.47,46520.0,905837000.0,0.0,0.0,19.3,19.5,19.3,46520.0
2016-07-26,14.307,19.5,0.0,19.5,5220.0,101768000.0,0.0,0.0,19.5,19.5,19.3,5220.0
2016-07-27,14.307,19.5,0.0,19.5,6960.0,135718000.0,0.0,0.0,19.3,19.5,19.3,6960.0
2016-07-28,14.307,19.5,0.0,19.39,5860.0,113648000.0,0.0,0.0,19.5,19.5,19.1,5860.0
2016-07-29,14.38,19.6,0.5128,19.33,40.0,773000.0,0.0,0.0,18.5,19.6,18.5,40.0
2016-08-01,14.38,19.6,0.0,19.6,60.0,1176000.0,0.0,0.0,19.6,19.6,19.6,60.0
2016-08-02,13.72,18.7,-4.5918,19.21,280.0,5380000.0,0.0,0.0,19.5,19.5,18.7,280.0
2016-08-03,13.793,18.8,0.5348,18.73,1500.0,28100000.0,500000.0,10000000000.0,18.7,18.8,18.7,501500.0
2016-08-04,13.72,18.7,-0.5319,18.81,5750.0,108157000.0,0.0,0.0,18.8,19.1,18.5,5750.0
2016-08-05,13.793,18.8,0.5348,18.74,14300.0,267918000.0,0.0,0.0,18.5,19.0,18.5,14300.0
2016-08-08,13.793,18.8,0.0,18.7,6140.0,114828000.0,0.0,0.0,18.7,18.8,18.7,6140.0
2016-08-09,13.793,18.8,0.0,18.8,9490.0,178412000.0,0.0,0.0,18.8,18.8,18.8,9490.0
2016-08-10,13.793,18.8,0.0,18.86,16010.0,301988000.0,0.0,0.0,18.8,19.0,18.8,16010.0
2016-08-11,13.793,18.8,0.0,18.9,4970.0,93952000.0,0.0,0.0,19.0,19.0,18.8,4970.0
2016-08-12,13.793,18.8,0.0,19.0,15050.0,285948000.0,0.0,0.0,19.0,19.0,18.8,15050.0
2016-08-15,13.793,18.8,0.0,18.84,210.0,3956000.0,0.0,0.0,19.6,19.6,18.8,210.0
2016-08-16,13.793,18.8,0.0,18.71,2000.0,37420000.0,0.0,0.0,18.7,18.8,18.7,2000.0
2016-08-17,13.793,18.8,0.0,18.8,10.0,188000.0,0.0,0.0,18.8,18.8,18.8,10.0
2016-08-18,13.94,19.0,1.0638,19.15,2590.0,49591000.0,0.0,0.0,19.1,19.2,19.0,2590.0
2016-08-19,13.94,19.0,0.0,19.0,7570.0,143830000.0,0.0,0.0,19.0,19.0,19.0,7570.0
2016-08-22,13.94,19.0,0.0,19.03,34990.0,665810000.0,0.0,0.0,19.0,19.2,19.0,34990.0
2016-08-23,14.087,19.2,1.0526,19.1,7800.0,149000000.0,0.0,0.0,19.0,19.2,19.0,7800.0
2016-08-24,13.94,19.0,-1.0417,19.0,60.0,1140000.0,0.0,0.0,19.0,19.0,19.0,60.0
2016-08-25,14.014,19.1,0.5263,19.08,7040.0,134319000.0,0.0,0.0,19.0,19.1,19.0,7040.0
2016-08-26,14.014,19.1,0.0,19.11,26310.0,502721000.0,0.0,0.0,19.1,19.2,19.1,26310.0
2016-08-29,14.014,19.1,0.0,19.12,16160.0,309024000.0,0.0,0.0,19.1,19.2,19.1,16160.0
2016-08-30,14.014,19.1,0.0,19.19,6690.0,128406000.0,0.0,0.0,19.2,19.2,19.1,6690.0
2016-08-31,14.014,19.1,0.0,19.2,13210.0,253611000.0,0.0,0.0,19.1,19.2,19.1,13210.0
2016-09-01,14.234,19.4,1.5707,19.32,3760.0,72643000.0,0.0,0.0,19.3,19.4,19.3,3760.0
2016-09-05,14.161,19.3,-0.5155,19.32,21690.0,419046000.0,0.0,0.0,19.4,19.4,19.2,21690.0
2016-09-06,14.087,19.2,-0.5181,19.31,4700.0,90740000.0,0.0,0.0,19.3,19.4,19.2,4700.0
2016-09-07,14.014,19.1,-0.5208,19.11,11120.0,212492000.0,0.0,0.0,19.2,19.2,19.1,11120.0
2016-09-08,14.014,19.1,0.0,19.19,1700.0,32620000.0,0.0,0.0,19.2,19.2,19.1,1700.0
2016-09-09,13.573,18.5,-3.1414,18.91,32570.0,615905000.0,0.0,0.0,19.1,19.1,18.5,32570.0
2016-09-12,13.648,18.6,0.5405,18.6,300.0,5580000.0,0.0,0.0,18.6,18.6,18.6,300.0
2016-09-13,13.793,18.8,1.0753,18.86,23010.0,433917000.0,0.0,0.0,18.9,18.9,18.8,23010.0
2016-09-14,13.867,18.9,0.5319,18.98,15290.0,290268000.0,0.0,0.0,19.2,19.2,18.9,15290.0
2016-09-15,13.94,19.0,0.5291,19.0,15170.0,288231000.0,0.0,0.0,19.1,19.1,19.0,15170.0
2016-09-16,13.573,18.5,-2.6316,18.51,25160.0,465640000.0,0.0,0.0,18.9,18.9,18.5,25160.0
2016-09-19,13.72,18.7,1.0811,18.9,57970.0,1095588500.0,0.0,0.0,19.65,19.65,18.7,57970.0
2016-09-20,13.573,18.5,-1.0695,18.5,7650.0,141552000.0,0.0,0.0,18.2,19.0,18.2,7650.0
2016-09-21,13.94,19.0,2.7027,19.02,19659600.0,373935209500.0,0.0,0.0,19.75,19.75,19.0,19659600.0
2016-09-22,13.976,19.05,0.2632,19.04,24000.0,457025000.0,0.0,0.0,19.0,19.1,19.0,24000.0
2016-09-23,13.867,18.9,-0.7874,18.99,12650.0,240185000.0,0.0,0.0,19.0,19.0,18.9,12650.0
2016-09-26,14.087,19.2,1.5873,18.92,36930.0,698598000.0,0.0,0.0,18.6,19.2,18.5,36930.0
2016-09-27,13.648,18.6,-3.125,18.86,50100.0,945022000.0,0.0,0.0,19.0,19.0,18.6,50100.0
2016-09-28,13.94,19.0,2.1505,19.0,6300.0,119710000.0,0.0,0.0,19.0,19.1,19.0,6300.0
2016-09-29,14.087,19.2,1.0526,19.08,32520.0,620550500.0,0.0,0.0,19.0,19.2,19.0,32520.0
2016-09-30,14.38,19.6,2.0833,19.36,13200.0,255575000.0,6300000.0,119700000000.0,19.2,19.6,19.2,6313200.0
2016-10-03,14.38,19.6,0.0,19.67,7790.0,153259000.0,0.0,0.0,19.6,20.0,19.6,7790.0
2016-10-04,14.38,19.6,0.0,19.6,34280.0,671888000.0,278120.0,5284280000.0,19.6,19.6,19.6,312400.0
2016-10-05,14.454,19.7,0.5102,19.64,7760.0,152369000.0,0.0,0.0,19.7,19.7,19.6,7760.0
2016-10-06,14.38,19.6,-0.5076,19.65,28600.0,562065000.0,0.0,0.0,19.7,19.7,19.6,28600.0
2016-10-07,14.38,19.6,0.0,19.6,10280.0,201488000.0,0.0,0.0,19.6,19.6,19.6,10280.0
2016-10-10,14.38,19.6,0.0,19.65,23000.0,451842000.0,0.0,0.0,19.6,19.9,19.6,23000.0
2016-10-11,14.38,19.6,0.0,19.6,31290.0,613284000.0,0.0,0.0,19.6,19.6,19.6,31290.0
2016-10-12,14.417,19.65,0.2551,19.65,22800.0,448010000.0,0.0,0.0,19.7,19.7,19.6,22800.0
2016-10-13,14.454,19.7,0.2545,19.7,11600.0,228515000.0,0.0,0.0,19.65,19.7,19.65,11600.0
2016-10-14,14.454,19.7,0.0,19.7,2420.0,47674000.0,0.0,0.0,19.7,19.7,19.7,2420.0
2016-10-17,15.041,20.5,4.0609,19.7,20130.0,396569000.0,0.0,0.0,19.7,20.5,19.7,20130.0
2016-10-18,14.454,19.7,-3.9024,19.68,1790.0,35224500.0,0.0,0.0,19.65,19.7,19.65,1790.0
2016-10-19,14.674,20.0,1.5228,19.96,41320.0,824928000.0,0.0,0.0,19.7,20.0,19.7,41320.0
2016-10-20,14.528,19.8,-1.0,19.84,24540.0,486812000.0,0.0,0.0,20.0,20.0,19.8,24540.0
2016-10-21,14.6,19.9,0.5051,19.9,26390.0,525161000.0,0.0,0.0,19.9,19.9,19.9,26390.0
2016-10-24,14.6,19.9,0.0,19.88,14730.0,292819000.0,0.0,0.0,19.8,19.95,19.8,14730.0
2016-10-25,14.674,20.0,0.5025,19.99,31670.0,633167500.0,0.0,0.0,19.95,20.0,19.95,31670.0
2016-10-26,14.674,20.0,0.0,20.0,42600.0,852000000.0,0.0,0.0,20.0,20.0,20.0,42600.0
2016-10-27,15.261,20.8,4.0,20.25,12560.0,254325000.0,0.0,0.0,20.2,20.8,20.0,12560.0
2016-10-28,14.747,20.1,-3.3654,20.1,27000.0,542700000.0,0.0,0.0,20.1,20.1,20.1,27000.0
2016-10-31,14.674,20.0,-0.4975,20.02,1450.0,29025000.0,0.0,0.0,20.05,20.05,20.0,1450.0
2016-11-01,14.674,20.0,0.0,19.98,2250.0,44965000.0,0.0,0.0,19.9,20.0,19.9,2250.0
2016-11-02,14.747,20.1,0.5,20.0,15580.0,311655000.0,0.0,0.0,20.0,20.1,20.0,15580.0
2016-11-03,14.821,20.2,0.4975,20.1,4010.0,80602000.0,0.0,0.0,20.1,20.2,20.1,4010.0
2016-11-04,14.967,20.4,0.9901,20.23,2300.0,46537500.0,0.0,0.0,20.1,20.4,20.1,2300.0
2016-11-07,14.821,20.2,-0.9804,20.11,75510.0,1518504000.0,0.0,0.0,20.4,20.4,20.1,75510.0
2016-11-08,14.747,20.1,-0.495,20.1,15000.0,301500000.0,0.0,0.0,20.1,20.1,20.1,15000.0
2016-11-09,14.674,20.0,-0.4975,20.07,6180.0,124059000.0,0.0,0.0,20.05,20.1,20.0,6180.0
2016-11-10,14.454,19.7,-1.5,19.78,4990.0,98703000.0,0.0,0.0,19.9,19.9,19.7,4990.0
2016-11-11,14.454,19.7,0.0,20.13,1860.0,37442000.0,0.0,0.0,20.5,20.5,19.7,1860.0
2016-11-14,14.38,19.6,-0.5076,19.67,5460.0,107417000.0,0.0,0.0,19.7,19.7,19.6,5460.0
2016-11-15,14.38,19.6,0.0,19.6,100.0,1960000.0,0.0,0.0,19.6,19.6,19.6,100.0
2016-11-16,14.38,19.6,0.0,19.61,1600.0,31370000.0,0.0,0.0,19.6,19.7,19.6,1600.0
2016-11-17,14.6,19.9,1.5306,19.79,4700.0,93030000.0,0.0,0.0,19.6,19.9,19.6,4700.0
2016-11-18,14.6,19.9,0.0,19.93,1580.0,31492000.0,0.0,0.0,20.0,20.0,19.9,1580.0
2016-11-21,14.307,19.5,-2.0101,19.66,7430.0,146071000.0,0.0,0.0,19.7,19.9,19.5,7430.0
2016-11-22,14.307,19.5,0.0,19.97,2100.0,41927000.0,0.0,0.0,19.6,20.0,19.5,2100.0
2016-11-23,14.38,19.6,0.5128,19.8,4380.0,86712000.0,0.0,0.0,20.0,20.0,19.6,4380.0
2016-11-24,14.38,19.6,0.0,19.61,11530.0,226114000.0,0.0,0.0,19.6,20.0,19.6,11530.0
2016-11-25,14.528,19.8,1.0204,19.82,6050.0,119890000.0,0.0,0.0,19.9,19.9,19.8,6050.0
2016-11-28,14.38,19.6,-1.0101,19.65,3750.0,73700000.0,0.0,0.0,20.0,20.0,19.6,3750.0
2016-11-29,14.307,19.5,-0.5102,19.59,3830.0,75015000.0,0.0,0.0,19.6,19.6,19.5,3830.0
2016-11-30,14.161,19.3,-1.0256,19.3,3320.0,64076000.0,0.0,0.0,19.3,19.3,19.3,3320.0
2016-12-01,14.307,19.5,1.0363,19.5,13420.0,261690000.0,0.0,0.0,19.5,19.5,19.5,13420.0
2016-12-02,14.307,19.5,0.0,0.0,0.0,0.0,0.0,0.0,19.5,19.5,19.5,0.0
2016-12-05,14.674,20.0,2.5641,19.54,59900.0,1170745000.0,0.0,0.0,19.7,20.0,19.5,59900.0
2016-12-06,14.821,20.2,1.0,19.97,19810.0,395639500.0,228000.0,4491600000.0,19.95,20.2,19.95,247810.0
2016-12-07,14.087,19.2,-4.9505,20.04,7290.0,146100000.0,0.0,0.0,20.15,20.2,19.2,7290.0
2016-12-08,14.307,19.5,1.5625,19.5,1000.0,19500000.0,0.0,0.0,19.5,19.5,19.5,1000.0
2016-12-09,14.674,20.0,2.5641,19.71,1010.0,19910000.0,0.0,0.0,19.9,20.0,19.5,1010.0
2016-12-12,14.307,19.5,-2.5,19.5,16730.0,326235000.0,0.0,0.0,19.5,19.5,19.5,16730.0
2016-12-13,14.38,19.6,0.5128,19.6,21780.0,426888000.0,6300000.0,126000000000.0,19.6,19.6,19.6,6321780.0
2016-12-14,14.307,19.5,-0.5102,19.51,6360.0,124056000.0,0.0,0.0,19.6,19.6,19.5,6360.0
2016-12-15,14.307,19.5,0.0,19.5,1410.0,27495000.0,0.0,0.0,19.5,19.5,19.5,1410.0
2016-12-16,14.307,19.5,0.0,0.0,0.0,0.0,0.0,0.0,19.5,19.5,19.5,0.0
2016-12-19,13.793,18.8,-3.5897,19.21,26620.0,511276000.0,0.0,0.0,19.4,19.4,18.8,26620.0
2016-12-20,14.307,19.5,3.7234,19.43,3620.0,70354000.0,0.0,0.0,19.0,19.5,19.0,3620.0
2016-12-21,14.38,19.6,0.5128,19.6,3600.0,70560000.0,0.0,0.0,19.6,19.6,19.6,3600.0
2016-12-22,14.38,19.6,0.0,19.63,300.0,5890000.0,0.0,0.0,19.65,19.65,19.6,300.0
2016-12-23,14.307,19.5,-0.5102,19.5,23360.0,455556000.0,0.0,0.0,19.5,19.6,19.5,23360.0
2016-12-26,14.6,19.9,2.0513,19.9,15000.0,298500000.0,0.0,0.0,19.9,19.9,19.9,15000.0
2016-12-27,14.307,19.5,-2.0101,19.48,8830.0,171972000.0,0.0,0.0,19.5,19.5,19.4,8830.0
2016-12-28,14.307,19.5,0.0,19.5,28390.0,553470000.0,0.0,0.0,19.5,19.5,19.4,28390.0
2016-12-29,14.307,19.5,0.0,19.5,15600.0,304200000.0,0.0,0.0,19.5,19.5,19.5,15600.0
2016-12-30,14.6,19.9,2.0513,19.6,20610.0,403956000.0,0.0,0.0,19.5,19.9,19.5,20610.0
2017-01-03,14.6,19.9,0.0,19.21,2660.0,51089000.0,0.0,0.0,19.4,19.9,18.6,2660.0
2017-01-04,14.528,19.8,-0.5025,19.2,10010.0,192198000.0,0.0,0.0,19.2,19.8,19.2,10010.0
2017-01-05,14.307,19.5,-1.5152,19.5,3000.0,58500000.0,0.0,0.0,19.5,19.5,19.5,3000.0
2017-01-06,14.38,19.6,0.5128,19.53,6050.0,118175000.0,0.0,0.0,19.5,19.6,19.5,6050.0
2017-01-09,14.271,19.45,-0.7653,19.49,36200.0,705700000.0,0.0,0.0,19.5,19.5,19.45,36200.0
2017-01-10,14.307,19.5,0.2571,19.48,14700.0,286325000.0,0.0,0.0,19.5,19.5,19.45,14700.0
2017-01-11,14.307,19.5,0.0,19.5,4100.0,79940000.0,0.0,0.0,19.4,19.5,19.4,4100.0
2017-01-12,14.38,19.6,0.5128,19.6,7510.0,147196000.0,0.0,0.0,19.6,19.6,19.6,7510.0
2017-01-13,14.6,19.9,1.5306,19.56,2710.0,52999000.0,0.0,0.0,19.6,19.9,19.5,2710.0
2017-01-16,14.454,19.7,-1.005,19.73,12830.0,253111000.0,0.0,0.0,19.9,19.9,19.7,12830.0
2017-01-17,14.528,19.8,0.5076,19.8,1900.0,37620000.0,0.0,0.0,19.8,19.8,19.8,1900.0
2017-01-18,14.528,19.8,0.0,19.8,17010.0,336798000.0,0.0,0.0,19.8,19.8,19.8,17010.0
2017-01-19,14.528,19.8,0.0,19.8,6500.0,128700000.0,0.0,0.0,19.8,19.8,19.8,6500.0
2017-01-20,14.528,19.8,0.0,19.93,63500.0,1265360000.0,0.0,0.0,19.9,20.0,19.8,63500.0
2017-01-23,14.674,20.0,1.0101,20.02,26000.0,520550000.0,0.0,0.0,19.95,20.05,19.95,26000.0
2017-01-24,14.674,20.0,0.0,20.09,12000.0,241040000.0,0.0,0.0,19.9,20.5,19.9,12000.0
2017-01-25,14.638,19.95,-0.25,19.94,14980.0,298701000.0,0.0,0.0,19.95,19.95,19.9,14980.0
2017-02-02,14.894,20.3,1.7544,20.04,670.0,13430000.0,0.0,0.0,20.0,20.3,20.0,670.0
2017-02-03,14.161,19.3,-4.9261,19.91,9870.0,196535000.0,0.0,0.0,20.2,20.2,19.3,9870.0
2017-02-06,14.307,19.5,1.0363,19.54,7950.0,155375000.0,0.0,0.0,19.55,19.7,19.5,7950.0
2017-02-07,14.674,20.0,2.5641,20.0,5000.0,100000000.0,0.0,0.0,20.0,20.0,20.0,5000.0
2017-02-08,14.564,19.85,-0.75,19.96,8000.0,159700000.0,0.0,0.0,20.0,20.0,19.85,8000.0
2017-02-09,14.6,19.9,0.2519,19.9,2000.0,39800000.0,0.0,0.0,19.9,19.9,19.9,2000.0
2017-02-10,14.6,19.9,0.0,19.81,8000.0,158448500.0,0.0,0.0,19.9,19.9,19.3,8000.0
2017-02-13,14.6,19.9,0.0,19.8,18380.0,363892000.0,0.0,0.0,19.9,19.9,19.6,18380.0
2017-02-14,14.674,20.0,0.5025,19.93,27630.0,550688000.0,0.0,0.0,19.9,20.0,19.9,27630.0
2017-02-15,14.674,20.0,0.0,19.93,21780.0,434034000.0,0.0,0.0,20.0,20.0,19.9,21780.0
2017-02-16,14.454,19.7,-1.5,19.85,3580.0,71046000.0,120000.0,2400000000.0,20.0,20.0,19.7,123580.0
2017-02-17,14.674,20.0,1.5228,19.99,25000.0,499650000.0,0.0,0.0,19.9,20.0,19.9,25000.0
2017-02-20,14.528,19.8,-1.0,19.76,105200.0,2078375000.0,0.0,0.0,19.9,19.9,19.75,105200.0
2017-02-21,14.454,19.7,-0.5051,19.79,20810.0,411838000.0,0.0,0.0,19.8,19.85,19.7,20810.0
2017-02-22,14.674,20.0,1.5228,19.87,55960.0,1111881500.0,0.0,0.0,19.7,20.0,19.65,55960.0
2017-02-23,14.454,19.7,-1.5,20.04,158550.0,3177874000.0,0.0,0.0,20.0,20.05,19.7,158550.0
2017-02-24,14.454,19.7,0.0,19.69,11050.0,217585000.0,75000.0,1500000000.0,19.6,19.7,19.6,86050.0
2017-02-27,14.454,19.7,0.0,19.88,39990.0,795152500.0,0.0,0.0,19.75,20.0,19.7,39990.0
2017-02-28,14.454,19.7,0.0,19.66,17710.0,348183500.0,0.0,0.0,19.5,20.0,19.5,17710.0
2017-03-01,14.307,19.5,-1.0152,19.5,1340.0,26130000.0,0.0,0.0,19.5,19.5,19.5,1340.0
2017-03-02,14.638,19.95,2.3077,19.8,30910.0,611927000.0,0.0,0.0,20.0,20.0,19.7,30910.0
2017-03-03,14.454,19.7,-1.2531,19.7,5060.0,99686000.0,0.0,0.0,19.8,19.8,19.7,5060.0
2017-03-06,14.454,19.7,0.0,19.71,19600.0,386370000.0,0.0,0.0,19.7,19.8,19.7,19600.0
2017-03-07,14.454,19.7,0.0,19.7,30910.0,608927000.0,0.0,0.0,19.7,19.7,19.7,30910.0
2017-03-08,14.454,19.7,0.0,0.0,0.0,0.0,0.0,0.0,19.7,19.7,19.7,0.0
2017-03-09,14.528,19.8,0.5076,19.75,1580.0,31200000.0,0.0,0.0,19.75,19.8,19.7,1580.0
2017-03-10,14.49,19.75,-0.2525,19.78,2600.0,51425000.0,0.0,0.0,19.8,19.8,19.75,2600.0
2017-03-13,14.638,19.95,1.0127,19.95,10400.0,207440000.0,0.0,0.0,19.95,19.95,19.75,10400.0
2017-03-14,14.49,19.75,-1.0025,19.88,30.0,596500.0,0.0,0.0,19.95,19.95,19.75,30.0
2017-03-15,14.528,19.8,0.2532,19.76,12000.0,237175000.0,0.0,0.0,19.75,19.8,19.75,12000.0
2017-03-16,14.638,19.95,0.7576,19.95,150.0,2992500.0,0.0,0.0,19.95,19.95,19.95,150.0
2017-03-17,14.528,19.8,-0.7519,19.84,140.0,2778000.0,0.0,0.0,19.95,19.95,19.8,140.0
2017-03-20,14.528,19.8,0.0,19.8,10000.0,198000000.0,0.0,0.0,19.8,19.8,19.8,10000.0
2017-03-21,14.528,19.8,0.0,19.8,10000.0,198000000.0,0.0,0.0,19.8,19.8,19.8,10000.0
2017-03-22,14.528,19.8,0.0,19.8,5910.0,117018000.0,0.0,0.0,19.8,19.8,19.8,5910.0
2017-03-23,14.528,19.8,0.0,0.0,0.0,0.0,0.0,0.0,19.8,19.8,19.8,0.0
2017-03-24,14.528,19.8,0.0,19.8,3100.0,61380000.0,0.0,0.0,19.8,19.8,19.8,3100.0
2017-03-27,14.528,19.8,0.0,19.8,27100.0,536580000.0,0.0,0.0,19.8,19.8,19.8,27100.0
2017-03-28,14.528,19.8,0.0,19.8,53650.0,1062220000.0,0.0,0.0,19.7,19.8,19.7,53650.0
2017-03-29,14.528,19.8,0.0,19.79,61530.0,1217446000.0,0.0,0.0,19.7,19.8,19.0,61530.0
2017-03-30,14.528,19.8,0.0,19.8,22400.0,443532500.0,0.0,0.0,19.8,19.85,19.8,22400.0
2017-03-31,14.528,19.8,0.0,19.8,35000.0,693000000.0,0.0,0.0,19.8,19.8,19.8,35000.0
2017-04-03,14.528,19.8,0.0,19.8,55150.0,1091970000.0,0.0,0.0,19.8,19.8,19.8,55150.0
2017-04-04,14.528,19.8,0.0,0.0,0.0,0.0,0.0,0.0,19.8,19.8,19.8,0.0
2017-04-05,14.528,19.8,0.0,19.8,1100.0,21780000.0,0.0,0.0,19.8,19.8,19.8,1100.0
2017-04-07,14.564,19.85,0.2525,19.8,10030.0,198595500.0,0.0,0.0,19.8,19.85,19.8,10030.0
2017-04-10,14.528,19.8,-0.2519,19.8,47400.0,938520000.0,0.0,0.0,19.8,19.8,19.8,47400.0
2017-04-11,14.528,19.8,0.0,19.8,4000.0,79200000.0,0.0,0.0,19.8,19.8,19.8,4000.0
2017-04-12,14.674,20.0,1.0101,19.98,15860.0,316870000.0,0.0,0.0,19.8,20.0,19.8,15860.0
2017-04-13,14.6,19.9,-0.5,19.96,160.0,3194000.0,0.0,0.0,20.0,20.0,19.9,160.0
2017-04-14,14.674,20.0,0.5025,19.87,1650.0,32790000.0,0.0,0.0,19.85,20.0,19.85,1650.0
2017-04-17,14.674,20.0,0.0,0.0,0.0,0.0,0.0,0.0,20.0,20.0,20.0,0.0
2017-04-18,15.335,20.9,4.5,20.9,10.0,209000.0,0.0,0.0,20.9,20.9,20.9,10.0
2017-04-19,15.335,20.9,0.0,0.0,0.0,0.0,0.0,0.0,20.9,20.9,20.9,0.0
2017-04-20,14.528,19.8,-5.2632,19.8,2200.0,43560000.0,0.0,0.0,19.8,19.8,19.8,2200.0
2017-04-21,14.528,19.8,0.0,19.8,9510.0,188298000.0,0.0,0.0,19.8,19.8,19.8,9510.0
2017-04-24,15.407,21.0,6.0606,21.0,10.0,210000.0,0.0,0.0,21.0,21.0,21.0,10.0
2017-04-25,15.407,21.0,0.0,0.0,0.0,0.0,0.0,0.0,21.0,21.0,21.0,0.0
2017-04-26,15.407,21.0,0.0,21.0,10.0,210000.0,0.0,0.0,21.0,21.0,21.0,10.0
2017-04-27,14.528,19.8,-5.7143,19.79,141310.0,2797158000.0,0.0,0.0,19.7,19.9,19.7,141310.0
2017-04-28,14.528,19.8,0.0,19.83,18810.0,373051500.0,0.0,0.0,21.15,21.15,19.8,18810.0
2017-05-03,14.674,20.0,1.0101,19.93,110.0,2192000.0,0.0,0.0,19.6,20.0,19.6,110.0
2017-05-04,14.674,20.0,0.0,20.01,2680.0,53615000.0,0.0,0.0,20.0,21.0,20.0,2680.0
2017-05-05,14.528,19.8,-1.0,19.8,11200.0,221760000.0,0.0,0.0,19.8,19.8,19.8,11200.0
2017-05-08,14.528,19.8,0.0,0.0,0.0,0.0,0.0,0.0,19.8,19.8,19.8,0.0
2017-05-09,14.528,19.8,0.0,0.0,0.0,0.0,0.0,0.0,19.8,19.8,19.8,0.0
2017-05-10,15.041,20.5,3.5354,20.49,2500.0,51214000.0,0.0,0.0,20.1,20.5,20.1,2500.0
2017-05-11,14.674,20.0,-2.439,20.0,10.0,200000.0,0.0,0.0,20.0,20.0,20.0,10.0
2017-05-12,14.967,20.4,2.0,20.5,5050.0,103519000.0,0.0,0.0,20.5,20.5,20.4,5050.0
2017-05-15,15.041,20.5,0.4902,20.47,9190.0,188149000.0,0.0,0.0,20.0,20.6,20.0,9190.0
2017-05-16,15.774,21.5,4.878,21.0,9080.0,190720000.0,0.0,0.0,21.0,21.5,21.0,9080.0
2017-05-17,15.041,20.5,-4.6512,20.51,1020.0,20920000.0,0.0,0.0,21.0,21.0,20.5,1020.0
2017-05-18,14.564,19.85,-3.1707,19.85,18110.0,359436500.0,0.0,0.0,20.0,20.0,19.8,18110.0
2017-05-19,14.747,20.1,1.2594,20.13,13580.0,273350000.0,0.0,0.0,20.0,20.6,20.0,13580.0
2017-05-22,15.407,21.0,4.4776,20.3,11910.0,241759000.0,0.0,0.0,20.1,21.0,20.1,11910.0
2017-05-23,14.821,20.2,-3.8095,20.5,1010.0,20702000.0,0.0,0.0,20.5,20.5,20.2,1010.0
2017-05-24,15.848,21.6,6.9307,21.514,5380.0,115745000.0,0.0,0.0,21.0,21.6,21.0,5380.0
2017-05-25,15.041,20.5,-5.0926,20.5,3010.0,61710000.0,0.0,0.0,21.0,21.0,20.5,3010.0
2017-05-26,15.115,20.6,0.4878,20.85,4800.0,100080000.0,0.0,0.0,21.8,21.8,20.6,4800.0
2017-05-29,15.151,20.65,0.2427,20.88,3160.0,65966000.0,0.0,0.0,21.0,21.0,20.6,3160.0
2017-05-30,15.261,20.8,0.7264,20.77,15130.0,314312500.0,0.0,0.0,20.5,20.8,20.5,15130.0
2017-05-31,15.261,20.8,0.0,0.0,0.0,0.0,0.0,0.0,20.8,20.8,20.8,0.0
2017-06-01,15.261,20.8,0.0,21.99,2040.0,44856000.0,0.0,0.0,22.0,22.0,20.8,2040.0
2017-06-02,16.068,21.9,5.2885,21.64,9000.0,194801000.0,0.0,0.0,20.8,21.9,20.8,9000.0
2017-06-05,16.068,21.9,0.0,21.9,1200.0,26280000.0,0.0,0.0,21.9,21.9,21.9,1200.0
2017-06-06,16.141,22.0,0.4566,22.1,610.0,13480000.0,0.0,0.0,22.3,22.3,22.0,610.0
2017-06-07,16.068,21.9,-0.4545,22.01,17820.0,392221000.0,0.0,0.0,22.0,22.1,21.9,17820.0
2017-06-08,16.068,21.9,0.0,21.55,6660.0,143554000.0,0.0,0.0,21.9,21.9,21.1,6660.0
2017-06-09,16.509,22.5,2.7397,22.24,15540.0,345615000.0,0.0,0.0,20.9,22.5,20.9,15540.0
2017-06-12,16.875,23.0,2.2222,22.72,730.0,16584000.0,0.0,0.0,22.6,23.0,22.6,730.0
2017-06-13,16.875,23.0,0.0,0.0,0.0,0.0,0.0,0.0,23.0,23.0,23.0,0.0
2017-06-14,16.141,22.0,-4.3478,22.0,10990.0,241780000.0,0.0,0.0,22.0,22.0,22.0,10990.0
2017-06-15,16.802,22.9,4.0909,21.69,13630.0,295672000.0,0.0,0.0,21.8,22.9,21.0,13630.0
2017-06-16,16.802,22.9,0.0,0.0,0.0,0.0,0.0,0.0,22.9,22.9,22.9,0.0
2017-06-19,16.509,22.5,-1.7467,22.57,1220.0,27538000.0,0.0,0.0,22.9,22.9,22.5,1220.0
2017-06-20,16.509,22.5,0.0,22.5,6050.0,136125000.0,0.0,0.0,22.5,22.5,22.5,6050.0
2017-06-21,16.509,22.5,0.0,22.52,9090.0,204725000.0,0.0,0.0,22.5,22.6,22.5,9090.0
2017-06-22,17.609,24.0,6.6667,22.99,14460.0,332480000.0,0.0,0.0,22.7,24.0,22.6,14460.0
2017-06-23,16.582,22.6,-5.8333,22.65,8900.0,201615000.0,0.0,0.0,24.0,24.0,22.55,8900.0
2017-06-26,16.582,22.6,0.0,22.69,7130.0,161792000.0,0.0,0.0,22.9,23.0,21.1,7130.0
2017-06-27,16.875,23.0,1.7699,22.58,8500.0,191950000.0,0.0,0.0,22.0,23.0,22.0,8500.0
2017-06-28,16.654,22.7,-1.3043,22.71,1600.0,36330000.0,0.0,0.0,22.7,22.8,22.7,1600.0
2017-06-29,16.875,23.0,1.3216,22.86,10000.0,228550000.0,0.0,0.0,22.6,23.0,22.6,10000.0
2017-06-30,16.875,23.0,0.0,23.0,19000.0,437000000.0,0.0,0.0,23.0,23.0,23.0,19000.0
2017-07-03,17.536,23.9,3.913,23.9,10.0,239000.0,0.0,0.0,23.9,23.9,23.9,10.0
2017-07-04,17.389,23.7,-0.8368,23.7,910.0,21567000.0,0.0,0.0,23.7,23.7,23.7,910.0
2017-07-05,17.242,23.5,-0.8439,23.08,21420.0,494370000.0,0.0,0.0,22.5,23.5,22.5,21420.0
2017-07-06,17.242,23.5,0.0,22.98,12800.0,294085000.0,0.0,0.0,23.0,23.5,22.8,12800.0
2017-07-07,17.755,24.2,2.9787,24.16,900.0,21740000.0,0.0,0.0,24.0,25.0,24.0,900.0
2017-07-10,16.582,22.6,-6.6116,23.93,210.0,5026000.0,0.0,0.0,24.0,24.0,22.6,210.0
2017-07-11,17.719,24.15,6.8584,23.34,3040.0,70945500.0,0.0,0.0,22.6,24.15,22.6,3040.0
2017-07-12,16.875,23.0,-4.7619,23.01,6500.0,149553000.0,0.0,0.0,23.1,23.1,23.0,6500.0
2017-07-13,17.682,24.1,4.7826,23.19,8010.0,185741000.0,0.0,0.0,23.0,24.1,23.0,8010.0
2017-07-14,17.682,24.1,0.0,0.0,0.0,0.0,0.0,0.0,24.1,24.1,24.1,0.0
2017-07-17,18.269,24.9,3.3195,23.02,4010.0,92299000.0,120000.0,2694000000.0,23.1,24.9,23.0,124010.0
2017-07-18,17.461,23.8,-4.4177,23.58,6050.0,142640000.0,0.0,0.0,23.3,23.8,23.2,6050.0
2017-07-19,17.609,24.0,0.8403,24.0,300.0,7200000.0,727050.0,16104157500.0,24.0,24.0,24.0,727350.0
2017-07-20,17.609,24.0,0.0,23.98,6650.0,159465000.0,0.0,0.0,24.0,24.0,23.1,6650.0
2017-07-21,17.609,24.0,0.0,24.0,900.0,21600000.0,0.0,0.0,24.0,24.0,24.0,900.0
2017-07-24,16.875,23.0,-4.1667,23.03,35140.0,809325000.0,0.0,0.0,23.1,23.1,23.0,35140.0
2017-07-25,16.875,23.0,0.0,23.0,6190.0,142370000.0,0.0,0.0,23.0,23.0,23.0,6190.0
2017-07-26,16.948,23.1,0.4348,23.08,17660.0,407530000.0,0.0,0.0,23.0,23.15,23.0,17660.0
2017-07-27,17.022,23.2,0.4329,23.14,10960.0,253654500.0,0.0,0.0,23.1,23.2,23.1,10960.0
2017-07-28,17.168,23.4,0.8621,23.42,12220.0,286165000.0,0.0,0.0,23.2,23.5,23.2,12220.0
2017-07-31,17.682,24.1,2.9915,23.92,19450.0,465245000.0,0.0,0.0,23.5,24.1,23.5,19450.0
2017-08-01,17.242,23.5,-2.4896,23.51,2050.0,48200000.0,0.0,0.0,24.0,24.0,23.5,2050.0
2017-08-02,17.682,24.1,2.5532,24.13,6020.0,145269000.0,0.0,0.0,24.2,24.2,24.1,6020.0
2017-08-03,17.609,24.0,-0.4149,23.66,4500.0,106470000.0,0.0,0.0,24.0,24.0,23.5,4500.0
2017-08-04,17.755,24.2,0.8333,23.67,520.0,12309000.0,0.0,0.0,23.65,24.2,23.65,520.0
2017-08-07,17.83,24.3,0.4132,23.92,4630.0,110746000.0,0.0,0.0,23.6,24.3,23.6,4630.0
2017-08-08,17.609,24.0,-1.2346,23.96,6150.0,147359000.0,0.0,0.0,24.3,24.3,23.7,6150.0
2017-08-09,17.316,23.6,-1.6667,23.6,8280.0,195448500.0,0.0,0.0,23.7,23.7,23.6,8280.0
2017-08-10,17.682,24.1,2.1186,23.95,2000.0,47906000.0,4816460.0,105721297000.0,23.8,24.1,23.8,4818460.0
2017-08-11,17.316,23.6,-2.0747,24.09,26830.0,646388000.0,0.0,0.0,24.0,24.6,23.6,26830.0
2017-08-14,18.02,23.0,4.0724,23.39,17620.0,412112000.0,0.0,0.0,23.4,23.4,23.0,17620.0
2017-08-15,19.118,24.4,6.087,24.4,10.0,244000.0,0.0,0.0,24.4,24.4,24.4,10.0
2017-08-16,18.02,23.0,-5.7377,22.94,29080.0,667216000.0,0.0,0.0,22.8,24.4,22.7,29080.0
2017-08-17,17.865,22.8,-0.8696,22.81,41290.0,941812000.0,0.0,0.0,22.8,23.0,22.8,41290.0
2017-08-18,17.707,22.6,-0.8772,22.58,21260.0,479976000.0,0.0,0.0,22.7,22.7,22.4,21260.0
2017-08-21,17.707,22.6,0.0,22.6,5340.0,120684000.0,0.0,0.0,22.6,22.6,22.6,5340.0
2017-08-22,17.237,22.0,-2.6549,22.0,2660.0,58520000.0,0.0,0.0,22.0,22.0,22.0,2660.0
2017-08-23,17.237,22.0,0.0,0.0,0.0,0.0,0.0,0.0,22.0,22.0,22.0,0.0
2017-08-24,17.237,22.0,0.0,22.0,1530.0,33660000.0,0.0,0.0,22.0,22.0,22.0,1530.0
2017-08-25,16.492,21.05,-4.3182,21.05,400.0,8420000.0,0.0,0.0,21.05,21.05,21.05,400.0
2017-08-28,17.629,22.5,6.8884,21.99,4810.0,105765000.0,0.0,0.0,21.2,22.5,21.2,4810.0
2017-08-29,17.237,22.0,-2.2222,21.9,3090.0,67680000.0,0.0,0.0,21.9,22.0,21.9,3090.0
2017-08-30,17.237,22.0,0.0,21.99,82010.0,1803630000.0,0.0,0.0,23.0,23.0,21.9,82010.0
2017-08-31,17.865,22.8,3.6364,22.37,150.0,3355000.0,0.0,0.0,21.5,22.8,21.5,150.0
2017-09-01,17.942,22.9,0.4386,22.9,2010.0,46030000.0,0.0,0.0,23.0,23.0,22.9,2010.0
2017-09-05,17.865,22.8,-0.4367,22.8,40.0,912000.0,0.0,0.0,22.8,22.8,22.8,40.0
2017-09-06,17.237,22.0,-3.5088,21.66,4010.0,86870000.0,0.0,0.0,21.6,22.0,21.6,4010.0
2017-09-07,17.237,22.0,0.0,22.0,800.0,17600000.0,0.0,0.0,22.0,22.0,22.0,800.0
2017-09-08,17.237,22.0,0.0,21.49,3950.0,84900000.0,0.0,0.0,21.0,22.0,21.0,3950.0
2017-09-11,17.394,22.2,0.9091,22.03,4020.0,88580000.0,0.0,0.0,22.0,22.2,21.5,4020.0
2017-09-12,17.394,22.2,0.0,21.95,1010.0,22172000.0,0.0,0.0,21.9,22.2,21.9,1010.0
2017-09-13,16.845,21.5,-3.1532,21.5,510.0,10965000.0,0.0,0.0,21.5,21.5,21.5,510.0
2017-09-14,17.237,22.0,2.3256,21.52,3210.0,69065000.0,0.0,0.0,21.5,22.0,21.5,3210.0
2017-09-15,17.433,22.25,1.1364,22.07,1370.0,30232500.0,0.0,0.0,22.0,22.25,22.0,1370.0
2017-09-18,17.394,22.2,-0.2247,21.62,1020.0,22051500.0,0.0,0.0,22.95,22.95,21.6,1020.0
2017-09-19,17.394,22.2,0.0,22.2,500.0,11100000.0,0.0,0.0,22.2,22.2,22.2,500.0
2017-09-20,17.551,22.4,0.9009,22.04,110.0,2424000.0,0.0,0.0,22.0,22.4,22.0,110.0
2017-09-21,17.394,22.2,-0.8929,22.2,850.0,18870000.0,0.0,0.0,22.2,22.2,22.2,850.0
2017-09-22,17.237,22.0,-0.9009,21.62,3160.0,68304000.0,0.0,0.0,21.6,22.1,21.0,3160.0
2017-09-25,17.237,22.0,0.0,21.43,820.0,17575000.0,0.0,0.0,20.5,22.0,20.5,820.0
2017-09-26,16.689,21.3,-3.1818,21.49,3800.0,81670000.0,0.0,0.0,21.5,21.5,21.3,3800.0
2017-09-27,17.237,22.0,3.2864,21.39,5060.0,108244000.0,0.0,0.0,22.5,22.5,21.3,5060.0
2017-09-28,17.237,22.0,0.0,21.5,7510.0,161470000.0,0.0,0.0,22.0,22.0,21.4,7510.0
2017-09-29,17.237,22.0,0.0,22.0,40.0,880000.0,0.0,0.0,22.0,22.0,22.0,40.0
2017-10-02,17.237,22.0,0.0,0.0,0.0,0.0,0.0,0.0,22.0,22.0,22.0,0.0
2017-10-03,17.237,22.0,0.0,0.0,0.0,0.0,0.0,0.0,22.0,22.0,22.0,0.0
2017-10-04,17.237,22.0,0.0,21.5,4160.0,89445000.0,0.0,0.0,21.5,22.0,21.5,4160.0
2017-10-05,17.237,22.0,0.0,22.0,80.0,1760000.0,0.0,0.0,22.0,22.0,22.0,80.0
2017-10-06,16.454,21.0,-4.5455,21.02,300.0,6307000.0,0.0,0.0,21.1,21.1,21.0,300.0
2017-10-09,16.845,21.5,2.381,21.57,920.0,19847000.0,0.0,0.0,21.5,21.6,21.5,920.0
2017-10-10,16.924,21.6,0.4651,21.56,1120.0,24151000.0,0.0,0.0,21.55,21.6,21.55,1120.0
2017-10-11,16.924,21.6,0.0,21.6,1000.0,21600000.0,30000.0,603000000.0,21.6,21.6,21.6,31000.0
2017-10-12,16.924,21.6,0.0,21.6,2190.0,47304000.0,0.0,0.0,21.6,21.6,21.6,2190.0
2017-10-13,16.963,21.65,0.2315,21.61,6020.0,130083000.0,0.0,0.0,21.6,21.65,21.6,6020.0
2017-10-16,17.237,22.0,1.6166,22.01,1270.0,27950000.0,0.0,0.0,22.5,22.5,22.0,1270.0
2017-10-17,17.237,22.0,0.0,21.81,22260.0,485568000.0,0.0,0.0,21.8,22.0,21.8,22260.0
2017-10-18,17.237,22.0,0.0,0.0,0.0,0.0,0.0,0.0,22.0,22.0,22.0,0.0
2017-10-19,17.237,22.0,0.0,0.0,0.0,0.0,0.0,0.0,22.0,22.0,22.0,0.0
2017-10-20,17.237,22.0,0.0,22.0,3300.0,72600000.0,0.0,0.0,22.0,22.0,22.0,3300.0
2017-10-23,16.924,21.6,-1.8182,21.78,49420.0,1076300000.0,0.0,0.0,22.0,22.0,21.6,49420.0
2017-10-24,17.629,22.5,4.1667,22.28,8410.0,187366000.0,0.0,0.0,21.9,22.5,21.9,8410.0
2017-10-25,17.237,22.0,-2.2222,22.04,850.0,18735000.0,0.0,0.0,22.1,22.1,22.0,850.0
2017-10-26,17.237,22.0,0.0,0.0,0.0,0.0,0.0,0.0,22.0,22.0,22.0,0.0
2017-10-27,17.158,21.9,-0.4545,21.9,3200.0,70080000.0,0.0,0.0,21.9,21.9,21.9,3200.0
2017-10-30,17.08,21.8,-0.4566,21.9,19080.0,417794000.0,0.0,0.0,21.9,21.9,21.8,19080.0
2017-10-31,17.08,21.8,0.0,21.81,12730.0,277614000.0,0.0,0.0,21.8,21.9,21.8,12730.0
2017-11-01,17.041,21.75,-0.2294,21.78,25460.0,554591500.0,0.0,0.0,21.7,22.5,21.7,25460.0
2017-11-02,17.08,21.8,0.2299,21.8,11000.0,239800000.0,0.0,0.0,21.8,21.8,21.8,11000.0
2017-11-03,17.08,21.8,0.0,21.8,21680.0,472624000.0,0.0,0.0,21.8,21.8,21.8,21680.0
2017-11-06,17.08,21.8,0.0,21.7,15050.0,326600000.0,0.0,0.0,21.5,22.0,21.5,15050.0
2017-11-07,16.924,21.6,-0.9174,21.61,5100.0,110200000.0,0.0,0.0,22.0,22.0,21.6,5100.0
2017-11-08,17.002,21.7,0.463,21.7,190.0,4123000.0,0.0,0.0,21.7,21.7,21.7,190.0
2017-11-09,17.08,21.8,0.4608,21.68,13000.0,281900000.0,0.0,0.0,21.6,21.8,21.6,13000.0
2017-11-10,17.08,21.8,0.0,0.0,0.0,0.0,0.0,0.0,21.8,21.8,21.8,0.0
2017-11-13,16.845,21.5,-1.3761,21.57,11760.0,253641000.0,0.0,0.0,21.6,21.6,21.5,11760.0
2017-11-14,17.08,21.8,1.3953,21.8,500.0,10900000.0,300000.0,6000000000.0,21.8,21.8,21.8,300500.0
2017-11-15,17.08,21.8,0.0,0.0,0.0,0.0,0.0,0.0,21.8,21.8,21.8,0.0
2017-11-16,17.002,21.7,-0.4587,21.75,78000.0,1696540000.0,0.0,0.0,21.8,21.8,21.5,78000.0
2017-11-17,16.924,21.6,-0.4608,21.62,13770.0,297712000.0,0.0,0.0,22.0,22.0,21.6,13770.0
2017-11-20,17.237,22.0,1.8519,22.0,3000.0,66000000.0,0.0,0.0,22.0,22.0,22.0,3000.0
2017-11-21,17.08,21.8,0.0,21.8,5590.0,121867500.0,0.0,0.0,22.35,22.35,21.8,5590.0
2017-11-22,17.237,22.0,0.9174,21.73,110.0,2390000.0,0.0,0.0,21.7,22.0,21.7,110.0
2017-11-23,17.08,21.8,-0.9091,21.8,5180.0,112905000.0,0.0,0.0,21.7,21.8,21.7,5180.0
2017-11-24,17.041,21.75,-0.2294,21.75,14420.0,313635000.0,0.0,0.0,21.75,21.75,21.75,14420.0
2017-11-27,17.158,21.9,0.6897,21.78,16880.0,367695000.0,0.0,0.0,21.7,22.0,21.7,16880.0
2017-11-28,17.08,21.8,-0.4566,21.85,11260.0,246068000.0,0.0,0.0,21.8,21.9,21.8,11260.0
2017-11-29,17.237,22.0,0.9174,22.0,800.0,17600000.0,0.0,0.0,22.0,22.0,22.0,800.0
2017-11-30,17.08,21.8,-0.9091,21.86,6990.0,152782000.0,0.0,0.0,22.0,22.0,21.8,6990.0
2017-12-01,17.08,21.8,0.0,21.92,10350.0,226899500.0,0.0,0.0,22.0,22.0,21.8,10350.0
2017-12-04,17.237,22.0,0.9174,21.87,1150.0,25154000.0,0.0,0.0,21.95,22.0,21.85,1150.0
2017-12-05,17.237,22.0,0.0,22.0,21280.0,468160000.0,91100.0,2004200000.0,22.0,22.0,22.0,112380.0
2017-12-06,18.412,23.5,6.8182,22.04,38820.0,855540000.0,0.0,0.0,22.0,23.5,22.0,38820.0
2017-12-07,18.334,23.4,-0.4255,22.03,10200.0,224680000.0,0.0,0.0,22.0,23.4,22.0,10200.0
2017-12-08,18.02,23.0,-1.7094,23.0,3220.0,74060000.0,0.0,0.0,23.0,23.0,23.0,3220.0
2017-12-11,18.804,24.0,4.3478,23.88,4800.0,114600000.0,0.0,0.0,24.0,24.0,23.8,4800.0
2017-12-12,17.511,22.35,-6.875,22.35,8000.0,178800000.0,0.0,0.0,22.35,22.35,22.35,8000.0
2017-12-13,17.354,22.15,-0.8949,22.01,16640.0,366326000.0,0.0,0.0,22.0,22.15,22.0,16640.0
2017-12-14,18.02,23.0,3.8375,22.0,14870.0,327150000.0,0.0,0.0,22.0,23.0,22.0,14870.0
2017-12-15,17.237,22.0,-4.3478,22.0,2880.0,63363000.0,0.0,0.0,22.1,22.1,22.0,2880.0
2017-12-18,17.354,22.15,0.6818,22.22,5000.0,111091000.0,0.0,0.0,22.25,22.25,22.15,5000.0
2017-12-19,17.316,22.1,-0.2257,22.07,7000.0,154500000.0,0.0,0.0,22.0,22.1,22.0,7000.0
2017-12-20,18.02,23.0,4.0724,22.11,5310.0,117392000.0,0.0,0.0,22.1,23.0,22.1,5310.0
2017-12-21,17.433,22.25,-3.2609,22.25,5000.0,111250000.0,0.0,0.0,22.25,22.25,22.25,5000.0
2017-12-22,17.707,22.6,1.573,22.6,200.0,4520000.0,0.0,0.0,22.6,22.6,22.6,200.0
2017-12-25,17.785,22.7,0.4425,22.7,180.0,4086000.0,0.0,0.0,22.7,22.7,22.7,180.0
2017-12-26,17.707,22.6,-0.4405,22.6,220.0,4972000.0,0.0,0.0,22.6,22.6,22.6,220.0
2017-12-27,17.237,22.0,-2.6549,22.04,34130.0,752289000.0,0.0,0.0,22.6,22.8,22.0,34130.0
2017-12-28,17.629,22.5,2.2727,22.05,39510.0,871200000.0,0.0,0.0,22.05,22.5,22.05,39510.0
2017-12-29,17.629,22.5,0.0,22.5,8030.0,180675000.0,0.0,0.0,22.5,22.5,22.5,8030.0
2018-01-02,17.629,22.5,0.0,0.0,0.0,0.0,0.0,0.0,22.5,22.5,22.5,0.0
2018-01-03,17.629,22.5,0.0,22.51,5250.0,118188000.0,0.0,0.0,22.8,22.8,22.5,5250.0
2018-01-04,17.785,22.7,0.8889,22.5,32180.0,724052000.0,0.0,0.0,22.5,22.7,22.5,32180.0
2018-01-05,17.629,22.5,-0.8811,22.5,700.0,15750000.0,0.0,0.0,22.5,22.5,22.5,700.0
2018-01-08,17.551,22.4,-0.4444,22.48,20000.0,449520000.0,0.0,0.0,22.5,22.5,22.4,20000.0
2018-01-09,17.551,22.4,0.0,0.0,0.0,0.0,0.0,0.0,22.4,22.4,22.4,0.0
2018-01-10,17.629,22.5,0.4464,22.5,7310.0,164475000.0,0.0,0.0,22.5,22.5,22.5,7310.0
2018-01-11,17.629,22.5,0.0,22.5,14730.0,331440000.0,0.0,0.0,22.5,22.6,22.5,14730.0
2018-01-12,17.865,22.8,1.3333,22.52,2870.0,64646000.0,0.0,0.0,22.8,22.8,22.5,2870.0
2018-01-15,17.667,22.55,-1.0965,22.51,5060.0,113918000.0,0.0,0.0,22.8,22.8,22.5,5060.0
2018-01-16,17.667,22.55,0.0,22.54,13140.0,296132500.0,0.0,0.0,22.5,22.6,22.5,13140.0
2018-01-17,17.629,22.5,-0.2217,22.51,5510.0,124053000.0,0.0,0.0,22.55,22.8,22.5,5510.0
2018-01-18,17.629,22.5,0.0,22.5,11000.0,247525000.0,0.0,0.0,22.5,22.55,22.5,11000.0
2018-01-19,18.804,24.0,6.6667,24.03,14510.0,348645000.0,0.0,0.0,24.05,24.05,23.5,14510.0
2018-01-22,20.058,25.6,6.6667,25.6,10.0,256000.0,0.0,0.0,25.6,25.6,25.6,10.0
2018-01-25,19.196,24.5,-4.2969,23.97,6710.0,160865500.0,0.0,0.0,24.0,25.6,23.85,6710.0
2018-01-26,18.804,24.0,-2.0408,23.0,13540.0,311459500.0,0.0,0.0,24.5,24.5,22.8,13540.0
2018-01-29,18.804,24.0,0.0,22.87,15050.0,344172000.0,0.0,0.0,24.5,24.5,22.6,15050.0
2018-01-30,18.804,24.0,0.0,22.51,3020.0,67980000.0,0.0,0.0,24.0,24.0,22.5,3020.0
2018-01-31,18.02,23.0,-4.1667,22.51,9450.0,212728000.0,0.0,0.0,22.6,23.0,22.4,9450.0
2018-02-01,18.804,24.0,4.3478,24.0,20.0,480000.0,0.0,0.0,24.0,24.0,24.0,20.0
2018-02-02,17.865,22.8,-5.0,22.77,2390.0,54416000.0,0.0,0.0,23.0,23.0,22.4,2390.0
2018-02-05,17.865,22.8,0.0,0.0,0.0,0.0,0.0,0.0,22.8,22.8,22.8,0.0
2018-02-06,18.02,23.0,0.8772,21.73,20110.0,436962500.0,0.0,0.0,22.0,24.0,21.25,20110.0
2018-02-07,18.02,23.0,0.0,23.0,4000.0,92000000.0,0.0,0.0,23.0,23.0,23.0,4000.0
2018-02-08,17.551,22.4,-2.6087,22.63,2090.0,47288000.0,0.0,0.0,23.0,23.0,22.4,2090.0
2018-02-09,17.551,22.4,0.0,0.0,0.0,0.0,0.0,0.0,22.4,22.4,22.4,0.0
2018-02-12,18.412,23.5,4.9107,22.41,3710.0,83126000.0,0.0,0.0,22.4,23.5,22.4,3710.0
2018-02-13,18.53,23.65,0.6383,23.65,1300.0,30745000.0,0.0,0.0,23.65,23.65,23.65,1300.0
2018-02-21,18.53,23.65,0.0,0.0,0.0,0.0,0.0,0.0,23.65,23.65,23.65,0.0
2018-02-22,18.53,23.65,0.0,22.5,5410.0,121748500.0,0.0,0.0,22.55,23.65,22.5,5410.0
2018-02-23,17.629,22.5,-4.8626,22.5,2000.0,45000000.0,0.0,0.0,22.5,22.5,22.5,2000.0
2018-02-26,18.02,23.0,2.2222,22.79,9010.0,205380000.0,0.0,0.0,22.6,23.0,22.5,9010.0
2018-02-27,17.707,22.6,-1.7391,22.81,5100.0,116325000.0,0.0,0.0,22.7,23.0,22.6,5100.0
2018-02-28,17.707,22.6,0.0,23.45,15560.0,364881000.0,0.0,0.0,23.0,23.5,22.6,15560.0
2018-03-01,17.785,22.7,0.4425,22.79,9620.0,219210000.0,0.0,0.0,23.0,23.0,22.6,9620.0
2018-03-02,18.178,23.2,2.2026,22.76,2020.0,45968000.0,0.0,0.0,22.7,23.2,22.7,2020.0
2018-03-05,17.865,22.8,-1.7241,22.88,2510.0,57432000.0,0.0,0.0,23.2,23.2,22.8,2510.0
2018-03-06,18.02,23.0,0.8772,22.95,2970.0,68162500.0,0.0,0.0,22.95,23.0,22.95,2970.0
2018-03-07,17.785,22.7,-1.3043,22.7,3000.0,68100000.0,0.0,0.0,22.7,22.7,22.7,3000.0
2018-03-08,17.785,22.7,0.0,22.7,9990.0,226773000.0,0.0,0.0,22.7,22.7,22.7,9990.0
2018-03-09,17.942,22.9,0.8811,22.7,4020.0,91259000.0,0.0,0.0,23.0,23.0,22.7,4020.0
2018-03-12,17.865,22.8,-0.4367,22.81,21150.0,482517500.0,0.0,0.0,22.7,22.95,22.7,21150.0
2018-03-13,17.942,22.9,0.4386,22.86,19260.0,440282000.0,0.0,0.0,22.8,22.9,22.8,19260.0
2018-03-14,17.865,22.8,-0.4367,22.88,15640.0,357856000.0,0.0,0.0,22.9,22.9,22.8,15640.0
2018-03-15,18.02,23.0,0.8772,22.95,12800.0,293740000.0,0.0,0.0,23.0,23.0,22.7,12800.0
2018-03-16,18.02,23.0,0.0,23.0,9450.0,217350000.0,0.0,0.0,23.0,23.0,23.0,9450.0
2018-03-19,17.865,22.8,-0.8696,22.8,1010.0,23032000.0,0.0,0.0,23.2,23.2,22.8,1010.0
2018-03-20,17.903,22.85,0.2193,22.85,5840.0,133445000.0,0.0,0.0,22.8,23.0,22.7,5840.0
2018-03-21,17.865,22.8,-0.2188,22.83,29390.0,671067000.0,0.0,0.0,23.0,23.0,22.8,29390.0
2018-03-22,17.942,22.9,0.4386,22.8,20720.0,472346000.0,0.0,0.0,22.7,22.9,22.7,20720.0
2018-03-23,17.903,22.85,-0.2183,22.88,21970.0,502613000.0,0.0,0.0,22.9,22.9,22.85,21970.0
2018-03-26,17.903,22.85,0.0,22.85,4000.0,91400000.0,0.0,0.0,22.85,22.85,22.85,4000.0
2018-03-27,17.903,22.85,0.0,22.84,26200.0,598510000.0,0.0,0.0,22.8,22.85,22.8,26200.0
2018-03-28,17.903,22.85,0.0,22.85,14980.0,342293000.0,0.0,0.0,22.85,22.85,22.85,14980.0
2018-03-29,18.02,23.0,0.6565,22.9,15100.0,345800000.0,0.0,0.0,22.9,23.0,22.9,15100.0
2018-03-30,17.903,22.85,-0.6522,22.94,8000.0,183550000.0,0.0,0.0,23.0,23.0,22.85,8000.0
2018-04-02,18.02,23.0,0.6565,22.87,14320.0,327521000.0,0.0,0.0,23.0,23.0,22.85,14320.0
2018-04-03,17.982,22.95,-0.2174,22.96,12780.0,293442000.0,0.0,0.0,23.2,23.2,22.95,12780.0
2018-04-04,18.02,23.0,0.2179,22.88,69750.0,1595944000.0,0.0,0.0,23.0,23.0,22.7,69750.0
2018-04-05,17.982,22.95,-0.2174,22.94,14400.0,330264000.0,0.0,0.0,22.95,23.0,22.9,14400.0
2018-04-06,18.02,23.0,0.2179,22.66,11450.0,259432500.0,0.0,0.0,22.6,23.0,22.6,11450.0
2018-04-09,17.865,22.8,-0.8696,22.92,10000.0,229200000.0,0.0,0.0,23.0,23.0,22.8,10000.0
2018-04-10,17.865,22.8,0.0,22.86,11300.0,258292000.0,0.0,0.0,23.0,23.0,22.8,11300.0
2018-04-11,17.865,22.8,0.0,22.8,32940.0,751032000.0,0.0,0.0,22.8,22.8,22.8,32940.0
2018-04-12,17.865,22.8,0.0,22.8,37010.0,843826000.0,0.0,0.0,22.8,22.8,22.6,37010.0
2018-04-13,17.865,22.8,0.0,22.81,40900.0,932900000.0,0.0,0.0,22.8,23.0,22.8,40900.0
2018-04-16,18.02,23.0,0.8772,23.01,950.0,21860000.0,0.0,0.0,23.2,23.2,23.0,950.0
2018-04-17,17.865,22.8,-0.8696,22.8,29570.0,674210000.0,0.0,0.0,23.0,23.0,22.8,29570.0
2018-04-18,18.02,23.0,0.8772,22.89,45100.0,1032250000.0,0.0,0.0,22.8,23.0,22.8,45100.0
2018-04-19,17.785,22.7,-1.3043,22.8,21190.0,483112000.0,0.0,0.0,22.8,22.8,22.7,21190.0
2018-04-20,18.02,23.0,1.3216,21.99,13100.0,288098000.0,0.0,0.0,21.5,23.0,21.5,13100.0
2018-04-23,18.02,23.0,0.0,0.0,0.0,0.0,0.0,0.0,23.0,23.0,23.0,0.0
2018-04-24,17.707,22.6,-1.7391,22.6,10000.0,226000000.0,0.0,0.0,22.6,22.6,22.6,10000.0
2018-04-26,17.629,22.5,-0.4425,22.5,28800.0,648075000.0,0.0,0.0,22.5,22.6,22.5,28800.0
2018-04-27,17.865,22.8,1.3333,22.57,5110.0,115348000.0,0.0,0.0,22.5,22.8,22.5,5110.0
2018-05-02,17.865,22.8,0.0,0.0,0.0,0.0,0.0,0.0,22.8,22.8,22.8,0.0
2018-05-03,17.629,22.5,-1.3158,22.56,3300.0,74450000.0,0.0,0.0,22.6,22.6,22.5,3300.0
2018-05-04,17.785,22.7,0.8889,22.51,10340.0,232773000.0,0.0,0.0,22.5,22.7,22.5,10340.0
2018-05-07,17.785,22.7,0.0,22.7,2510.0,56977000.0,0.0,0.0,22.7,22.7,22.7,2510.0
2018-05-08,17.785,22.7,0.0,22.7,1700.0,38590000.0,0.0,0.0,22.7,22.7,22.7,1700.0
2018-05-09,17.785,22.7,0.0,0.0,0.0,0.0,0.0,0.0,22.7,22.7,22.7,0.0
2018-05-10,17.707,22.6,-0.4405,22.54,5020.0,113152000.0,0.0,0.0,22.5,22.6,22.5,5020.0
2018-05-11,16.531,21.1,-6.6372,22.34,7400.0,165305500.0,0.0,0.0,22.6,22.6,21.1,7400.0
2018-05-14,17.08,21.8,3.3175,21.61,5720.0,123588500.0,0.0,0.0,21.65,21.8,21.6,5720.0
2018-05-15,17.158,21.9,0.4587,21.69,2720.0,59003000.0,0.0,0.0,21.6,21.9,21.6,2720.0
2018-05-16,16.924,21.6,-1.3699,21.67,1260.0,27302500.0,0.0,0.0,21.7,22.95,21.6,1260.0
2018-05-17,17.982,22.95,6.25,21.96,19320.0,424279000.0,0.0,0.0,21.7,22.95,21.7,19320.0
2018-05-18,17.982,22.95,0.0,0.0,0.0,0.0,0.0,0.0,22.95,22.95,22.95,0.0
2018-05-21,18.178,23.2,1.0893,23.2,10.0,232000.0,0.0,0.0,23.2,23.2,23.2,10.0
2018-05-22,18.178,23.2,0.0,0.0,0.0,0.0,0.0,0.0,23.2,23.2,23.2,0.0
2018-05-23,18.178,23.2,0.0,0.0,0.0,0.0,0.0,0.0,23.2,23.2,23.2,0.0
2018-05-24,18.178,23.2,0.0,0.0,0.0,0.0,100000.0,2290000000.0,23.2,23.2,23.2,100000.0
2018-05-25,18.02,23.0,-0.8621,22.0,2540.0,55890000.0,0.0,0.0,22.0,23.0,22.0,2540.0
2018-05-28,18.02,23.0,0.0,0.0,0.0,0.0,0.0,0.0,23.0,23.0,23.0,0.0
2018-05-29,18.02,23.0,0.0,0.0,0.0,0.0,0.0,0.0,23.0,23.0,23.0,0.0
2018-05-30,18.02,23.0,0.0,0.0,0.0,0.0,0.0,0.0,23.0,23.0,23.0,0.0
2018-05-31,18.02,23.0,0.0,0.0,0.0,0.0,0.0,0.0,23.0,23.0,23.0,0.0
2018-06-01,18.02,23.0,0.0,22.86,9570.0,218793000.0,0.0,0.0,22.7,23.0,22.7,9570.0
2018-06-04,18.256,23.3,1.3043,23.4,4450.0,104125000.0,0.0,0.0,23.4,23.4,23.3,4450.0
2018-06-05,18.256,23.3,0.0,0.0,0.0,0.0,0.0,0.0,23.3,23.3,23.3,0.0
2018-06-06,18.256,23.3,0.0,0.0,0.0,0.0,0.0,0.0,23.3,23.3,23.3,0.0
2018-06-07,18.726,23.9,2.5751,23.25,1660.0,38594000.0,0.0,0.0,23.9,23.9,23.0,1660.0
2018-06-08,18.726,23.9,0.0,23.72,10230.0,242621000.0,0.0,0.0,23.9,23.9,23.5,10230.0
2018-06-11,18.647,23.8,-0.4184,23.8,200.0,4760000.0,0.0,0.0,23.8,23.8,23.8,200.0
2018-06-12,18.647,23.8,0.0,23.54,9960.0,234419000.0,0.0,0.0,24.0,24.0,23.0,9960.0
2018-06-13,18.569,23.7,-0.4202,23.0,4010.0,92246500.0,0.0,0.0,23.05,23.7,23.0,4010.0
2018-06-14,19.413,23.0,4.5455,22.38,25960.0,581030000.0,0.0,0.0,22.5,23.0,22.0,25960.0
2018-06-15,19.371,22.95,-0.2174,22.92,40000.0,916747500.0,0.0,0.0,22.95,23.0,22.5,40000.0
2018-06-18,19.835,23.5,2.3965,22.64,2730.0,61796000.0,0.0,0.0,21.7,23.5,21.7,2730.0
2018-06-19,18.569,22.0,-6.383,22.0,6010.0,132220000.0,0.0,0.0,22.0,22.0,22.0,6010.0
2018-06-20,18.401,21.8,-0.9091,21.89,11840.0,259212000.0,0.0,0.0,22.0,22.0,21.7,11840.0
2018-06-21,17.809,21.1,-3.211,21.13,35600.0,752214000.0,0.0,0.0,21.8,21.8,20.6,35600.0
2018-06-22,17.725,21.0,0.0,21.0,5000.0,105000000.0,0.0,0.0,21.0,21.0,21.0,5000.0
2018-06-25,18.906,22.4,6.6667,21.01,2010.0,42224000.0,0.0,0.0,21.0,22.4,21.0,2010.0
2018-06-26,18.906,22.4,0.0,0.0,0.0,0.0,0.0,0.0,22.4,22.4,22.4,0.0
2018-06-27,18.822,22.3,-0.4464,22.3,1000.0,22300000.0,0.0,0.0,22.3,22.3,22.3,1000.0
2018-06-28,18.401,21.8,-2.2422,21.92,15180.0,332800000.0,0.0,0.0,21.5,22.0,21.5,15180.0
2018-06-29,18.401,21.8,0.0,0.0,0.0,0.0,0.0,0.0,21.8,21.8,21.8,0.0
2018-07-02,18.991,22.5,3.211,21.14,17020.0,359868000.0,0.0,0.0,21.8,22.5,21.0,17020.0
2018-07-03,18.147,21.5,-4.4444,21.58,21690.0,467991500.0,0.0,0.0,21.2,22.0,21.2,21690.0
2018-07-04,18.147,21.5,0.0,21.5,48290.0,1038235000.0,0.0,0.0,21.5,21.5,21.5,48290.0
2018-07-05,18.147,21.5,0.0,21.5,7400.0,159100000.0,0.0,0.0,21.5,21.5,21.5,7400.0
2018-07-06,18.569,22.0,2.3256,21.84,19510.0,426039000.0,0.0,0.0,21.5,22.0,21.5,19510.0
2018-07-09,18.231,21.6,-1.8182,21.54,2340.0,50413500.0,0.0,0.0,21.55,21.6,21.5,2340.0
2018-07-10,18.231,21.6,0.0,0.0,0.0,0.0,0.0,0.0,21.6,21.6,21.6,0.0
2018-07-11,18.569,22.0,1.8519,22.0,300.0,6600000.0,0.0,0.0,22.0,22.0,22.0,300.0
2018-07-12,18.569,22.0,0.0,22.0,39930.0,878460000.0,0.0,0.0,22.0,22.0,22.0,39930.0
2018-07-13,18.569,22.0,0.0,22.0,1000.0,22000000.0,0.0,0.0,22.0,22.0,22.0,1000.0
2018-07-16,18.569,22.0,0.0,0.0,0.0,0.0,0.0,0.0,22.0,22.0,22.0,0.0
2018-07-17,18.569,22.0,0.0,22.0,9880.0,217360000.0,0.0,0.0,22.0,22.0,22.0,9880.0
2018-07-18,18.569,22.0,0.0,0.0,0.0,0.0,0.0,0.0,22.0,22.0,22.0,0.0
2018-07-19,18.316,21.7,-1.3636,21.7,820.0,17794000.0,0.0,0.0,21.7,21.7,21.7,820.0
2018-07-20,18.316,21.7,0.0,0.0,0.0,0.0,0.0,0.0,21.7,21.7,21.7,0.0
2018-07-23,18.316,21.7,0.0,0.0,0.0,0.0,0.0,0.0,21.7,21.7,21.7,0.0
2018-07-24,18.316,21.7,0.0,0.0,0.0,0.0,0.0,0.0,21.7,21.7,21.7,0.0
2018-07-25,18.316,21.7,0.0,21.7,2010.0,43617000.0,0.0,0.0,21.7,21.7,21.7,2010.0
2018-07-26,18.316,21.7,0.0,21.7,3000.0,65100000.0,0.0,0.0,21.7,21.7,21.7,3000.0
2018-07-27,18.358,21.75,0.2304,22.13,2100.0,46479000.0,0.0,0.0,22.4,22.5,21.75,2100.0
2018-07-30,18.358,21.75,0.0,21.75,1000.0,21750000.0,0.0,0.0,21.75,21.75,21.75,1000.0
2018-07-31,18.569,22.0,1.1494,22.0,5820.0,128040000.0,0.0,0.0,22.0,22.0,22.0,5820.0
2018-08-01,18.569,22.0,0.0,0.0,0.0,0.0,0.0,0.0,22.0,22.0,22.0,0.0
2018-08-02,18.358,21.75,-1.1364,21.75,1380.0,30015000.0,0.0,0.0,21.75,21.75,21.75,1380.0
2018-08-03,18.358,21.75,0.0,21.75,760.0,16530000.0,0.0,0.0,21.75,21.75,21.75,760.0
2018-08-06,18.358,21.75,0.0,21.75,360.0,7830000.0,0.0,0.0,21.75,21.75,21.75,360.0
2018-08-07,18.991,22.5,0.0,22.47,8800.0,197775000.0,0.0,0.0,21.75,22.5,21.75,8800.0
2018-08-08,18.991,22.5,0.0,0.0,0.0,0.0,0.0,0.0,22.5,22.5,22.5,0.0
2018-08-09,19.413,23.0,2.2222,22.9,3740.0,85662000.0,0.0,0.0,22.5,23.0,22.5,3740.0
2018-08-10,18.401,21.8,-5.2174,21.8,30000.0,654000000.0,0.0,0.0,21.8,21.8,21.8,30000.0
2018-08-13,19.413,23.0,5.5046,22.58,2870.0,64810000.0,0.0,0.0,21.8,23.0,21.8,2870.0
2018-08-14,19.413,23.0,0.0,23.0,10.0,230000.0,0.0,0.0,23.0,23.0,23.0,10.0
2018-08-15,19.582,23.2,0.8696,23.2,10.0,232000.0,0.0,0.0,23.2,23.2,23.2,10.0
2018-08-16,19.582,23.2,0.0,23.33,50.0,1166500.0,0.0,0.0,23.35,23.45,23.2,50.0
2018-08-17,19.244,22.8,-1.7241,22.8,3890.0,88699000.0,0.0,0.0,23.5,23.5,22.8,3890.0
2018-08-20,19.666,23.3,2.193,23.3,2120.0,49396000.0,0.0,0.0,23.3,23.3,23.3,2120.0
2018-08-21,19.666,23.3,0.0,23.33,3640.0,84912000.0,0.0,0.0,23.5,23.5,22.8,3640.0
2018-08-22,19.244,22.8,-2.1459,22.8,12560.0,286368000.0,0.0,0.0,22.8,22.8,22.8,12560.0
2018-08-23,18.401,21.8,-4.386,21.8,10.0,218000.0,0.0,0.0,21.8,21.8,21.8,10.0
2018-08-24,19.413,23.0,5.5046,22.89,21890.0,501120500.0,0.0,0.0,21.8,23.0,21.75,21890.0
2018-08-27,19.413,23.0,0.0,23.0,6010.0,138218000.0,0.0,0.0,21.8,23.0,21.8,6010.0
2018-08-28,18.569,22.0,-4.3478,22.0,490.0,10780000.0,0.0,0.0,22.0,22.0,22.0,490.0
2018-08-29,19.413,23.0,4.5455,22.99,9090.0,208970000.0,0.0,0.0,22.0,23.0,22.0,9090.0
2018-08-30,18.822,22.3,-3.0435,22.3,300.0,6690000.0,0.0,0.0,22.3,22.3,22.3,300.0
2018-08-31,18.569,22.0,-1.3453,22.08,1290.0,28485000.0,0.0,0.0,22.3,22.3,22.0,1290.0
2018-09-04,18.569,22.0,0.0,22.0,1020.0,22440000.0,0.0,0.0,22.0,22.0,22.0,1020.0
2018-09-05,19.413,23.0,4.5455,23.0,20000.0,460000000.0,0.0,0.0,23.0,23.0,23.0,20000.0
2018-09-06,19.413,23.0,0.0,23.0,30570.0,703120000.0,0.0,0.0,23.0,23.1,23.0,30570.0
2018-09-07,19.455,23.05,0.2174,23.0,24000.0,552000000.0,0.0,0.0,22.95,23.05,22.95,24000.0
2018-09-10,19.244,22.8,-1.0846,22.8,1300.0,29640000.0,0.0,0.0,22.8,22.8,22.8,1300.0
2018-09-11,19.835,23.5,3.0702,23.45,3410.0,79956000.0,0.0,0.0,22.8,23.5,22.8,3410.0
2018-09-12,19.329,22.9,-2.5532,22.97,4140.0,95092000.0,0.0,0.0,22.8,23.8,22.8,4140.0
2018-09-13,19.329,22.9,0.0,22.9,350.0,8015000.0,0.0,0.0,22.9,22.9,22.9,350.0
2018-09-14,19.329,22.9,0.0,22.9,2700.0,61830000.0,0.0,0.0,22.9,22.9,22.9,2700.0
2018-09-17,19.329,22.9,0.0,0.0,0.0,0.0,0.0,0.0,22.9,22.9,22.9,0.0
2018-09-18,19.329,22.9,0.0,0.0,0.0,0.0,0.0,0.0,22.9,22.9,22.9,0.0
2018-09-19,19.329,22.9,0.0,0.0,0.0,0.0,0.0,0.0,22.9,22.9,22.9,0.0
2018-09-20,19.329,22.9,0.0,0.0,0.0,0.0,0.0,0.0,22.9,22.9,22.9,0.0
2018-09-21,18.231,21.6,-5.6769,21.6,50.0,1080000.0,0.0,0.0,21.6,21.6,21.6,50.0
2018-09-24,18.231,21.6,0.0,0.0,0.0,0.0,0.0,0.0,21.6,21.6,21.6,0.0
2018-09-25,18.231,21.6,0.0,0.0,0.0,0.0,0.0,0.0,21.6,21.6,21.6,0.0
2018-09-26,18.231,21.6,0.0,0.0,0.0,0.0,0.0,0.0,21.6,21.6,21.6,0.0
2018-09-27,18.231,21.6,0.0,0.0,0.0,0.0,0.0,0.0,21.6,21.6,21.6,0.0
2018-09-28,18.273,21.65,0.2315,21.65,1500.0,32475000.0,0.0,0.0,21.65,21.65,21.65,1500.0
2018-10-01,18.147,21.5,-0.6928,21.84,4500.0,98300000.0,0.0,0.0,22.0,22.0,21.5,4500.0
2018-10-02,18.316,21.7,0.9302,21.85,2020.0,44136000.0,0.0,0.0,22.0,22.0,21.7,2020.0
2018-10-03,18.273,21.65,-0.2304,21.72,9500.0,206347500.0,0.0,0.0,21.75,22.5,21.6,9500.0
2018-10-04,18.273,21.65,0.0,21.65,8600.0,186190000.0,0.0,0.0,21.65,21.65,21.65,8600.0
2018-10-05,18.991,22.5,3.9261,21.56,2770.0,59715000.0,0.0,0.0,21.6,22.5,21.5,2770.0
2018-10-08,18.738,22.2,-1.3333,22.2,20.0,444000.0,0.0,0.0,22.2,22.2,22.2,20.0
2018-10-09,19.413,23.0,3.6036,22.02,1020.0,22460000.0,0.0,0.0,22.0,23.0,22.0,1020.0
2018-10-10,19.159,22.7,-1.3043,21.77,1590.0,34611000.0,0.0,0.0,22.7,22.7,21.75,1590.0
2018-10-11,19.033,22.55,-0.6608,22.55,20.0,451000.0,0.0,0.0,22.55,22.55,22.55,20.0
2018-10-12,19.033,22.55,0.0,22.55,20.0,451000.0,0.0,0.0,22.55,22.55,22.55,20.0
2018-10-15,18.991,22.5,-0.2217,22.5,1000.0,22500000.0,0.0,0.0,22.5,22.5,22.5,1000.0
2018-10-16,19.076,22.6,0.4444,22.59,6810.0,153864000.0,0.0,0.0,22.55,22.6,22.55,6810.0
2018-10-17,19.244,22.8,0.885,22.8,690.0,15732000.0,0.0,0.0,22.8,22.8,22.8,690.0
2018-10-18,19.076,22.6,-0.8772,22.6,2900.0,65540000.0,0.0,0.0,22.6,22.6,22.6,2900.0
2018-10-19,19.076,22.6,0.0,22.6,1630.0,36838000.0,0.0,0.0,22.6,22.6,22.6,1630.0
2018-10-22,19.076,22.6,0.0,22.6,2700.0,61020000.0,0.0,0.0,22.6,22.6,22.6,2700.0
2018-10-23,19.076,22.6,0.0,0.0,0.0,0.0,0.0,0.0,22.6,22.6,22.6,0.0
2018-10-24,19.076,22.6,0.0,0.0,0.0,0.0,0.0,0.0,22.6,22.6,22.6,0.0
2018-10-25,18.231,21.6,-4.4248,21.6,70.0,1512000.0,0.0,0.0,21.6,21.6,21.6,70.0
2018-10-26,18.231,21.6,0.0,0.0,0.0,0.0,0.0,0.0,21.6,21.6,21.6,0.0
2018-10-29,18.231,21.6,0.0,0.0,0.0,0.0,0.0,0.0,21.6,21.6,21.6,0.0
2018-10-30,18.906,22.4,3.7037,22.49,13080.0,294232000.0,0.0,0.0,22.6,22.6,21.65,13080.0
2018-10-31,18.906,22.4,0.0,22.48,6430.0,144516000.0,0.0,0.0,22.6,22.6,22.4,6430.0
2018-11-01,18.231,21.6,-3.5714,21.84,11490.0,250975000.0,0.0,0.0,21.6,22.4,21.6,11490.0
2018-11-02,19.413,23.0,6.4815,23.0,30.0,690000.0,0.0,0.0,23.0,23.0,23.0,30.0
2018-11-05,19.076,22.6,-1.7391,22.96,9400.0,215800000.0,0.0,0.0,23.0,23.0,22.6,9400.0
2018-11-06,18.231,21.6,-4.4248,21.6,3750.0,81000000.0,0.0,0.0,21.6,21.6,21.6,3750.0
2018-11-07,18.231,21.6,0.0,21.6,760.0,16416000.0,0.0,0.0,21.6,21.6,21.6,760.0
2018-11-08,18.569,22.0,1.8519,21.88,1510.0,33045000.0,0.0,0.0,21.65,22.0,21.65,1510.0
2018-11-09,18.569,22.0,0.0,0.0,0.0,0.0,0.0,0.0,22.0,22.0,22.0,0.0
2018-11-12,18.569,22.0,0.0,22.0,1200.0,26400000.0,0.0,0.0,22.0,22.0,22.0,1200.0
2018-11-13,18.569,22.0,0.0,22.04,1300.0,28650000.0,0.0,0.0,22.5,22.5,22.0,1300.0
2018-11-14,18.569,22.0,0.0,22.0,1270.0,27940000.0,0.0,0.0,22.0,22.0,22.0,1270.0
2018-11-15,18.569,22.0,0.0,21.98,4550.0,99995000.0,0.0,0.0,21.85,22.0,21.8,4550.0
2018-11-16,18.569,22.0,0.0,22.0,1420.0,31240000.0,0.0,0.0,22.0,22.0,22.0,1420.0
2018-11-19,18.569,22.0,0.0,0.0,0.0,0.0,0.0,0.0,22.0,22.0,22.0,0.0
2018-11-20,18.231,21.6,-1.8182,21.94,6760.0,148320000.0,0.0,0.0,22.0,22.0,21.6,6760.0
2018-11-21,18.231,21.6,0.0,21.6,240.0,5184000.0,0.0,0.0,21.6,21.6,21.6,240.0
2018-11-22,18.231,21.6,0.0,0.0,0.0,0.0,0.0,0.0,21.6,21.6,21.6,0.0
2018-11-23,18.316,21.7,0.463,21.7,1000.0,21700000.0,0.0,0.0,21.7,21.7,21.7,1000.0
2018-11-26,18.569,22.0,1.3825,22.0,400.0,8800000.0,0.0,0.0,22.0,22.0,22.0,400.0
2018-11-27,18.189,21.55,-2.0455,21.55,1340.0,28877000.0,0.0,0.0,21.55,21.55,21.55,1340.0
2018-11-28,18.189,21.55,0.0,0.0,0.0,0.0,0.0,0.0,21.55,21.55,21.55,0.0
2018-11-29,18.189,21.55,0.0,0.0,0.0,0.0,0.0,0.0,21.55,21.55,21.55,0.0
2018-11-30,18.569,22.0,2.0882,21.95,200.0,4390000.0,0.0,0.0,21.9,22.0,21.9,200.0
2018-12-03,18.569,22.0,0.0,21.95,7130.0,156500000.0,0.0,0.0,22.0,22.0,21.75,7130.0
2018-12-04,18.569,22.0,0.0,0.0,0.0,0.0,0.0,0.0,22.0,22.0,22.0,0.0
2018-12-05,18.569,22.0,0.0,0.0,0.0,0.0,0.0,0.0,22.0,22.0,22.0,0.0
2018-12-06,18.401,21.8,-0.9091,21.8,3000.0,65400000.0,0.0,0.0,21.8,21.8,21.8,3000.0
2018-12-07,18.401,21.8,0.0,21.67,15260.0,330668000.0,0.0,0.0,21.7,21.8,21.6,15260.0
2018-12-10,18.569,22.0,0.9174,21.43,340.0,7284500.0,0.0,0.0,21.15,22.0,21.15,340.0
2018-12-11,18.569,22.0,0.0,0.0,0.0,0.0,0.0,0.0,22.0,22.0,22.0,0.0
2018-12-12,18.569,22.0,0.0,0.0,0.0,0.0,0.0,0.0,22.0,22.0,22.0,0.0
2018-12-13,18.401,21.8,-0.9091,21.81,1540.0,33592000.0,0.0,0.0,21.2,21.9,21.2,1540.0
2018-12-14,18.401,21.8,0.0,21.79,510.0,11114000.0,0.0,0.0,21.4,21.8,21.4,510.0
2018-12-17,18.401,21.8,0.0,0.0,0.0,0.0,0.0,0.0,21.8,21.8,21.8,0.0
2018-12-18,18.865,22.35,2.5229,22.35,670.0,14974500.0,0.0,0.0,22.35,22.35,22.35,670.0
2018-12-19,18.401,21.8,-2.4609,21.86,1600.0,34980000.0,0.0,0.0,22.0,22.0,21.8,1600.0
2018-12-20,18.401,21.8,0.0,21.8,1000.0,21800000.0,0.0,0.0,21.8,21.8,21.8,1000.0
2018-12-21,18.401,21.8,0.0,0.0,0.0,0.0,0.0,0.0,21.8,21.8,21.8,0.0
2018-12-24,18.569,22.0,0.9174,22.0,500.0,11000000.0,0.0,0.0,22.0,22.0,22.0,500.0
2018-12-25,18.569,22.0,0.0,22.26,205500.0,4573498500.0,0.0,0.0,22.0,22.5,22.0,205500.0
2018-12-26,18.569,22.0,0.0,22.0,21500.0,473000000.0,0.0,0.0,22.0,22.0,22.0,21500.0
2018-12-27,18.569,22.0,0.0,22.0,32990.0,725853000.0,0.0,0.0,22.0,22.1,22.0,32990.0
2018-12-28,18.653,22.1,0.4545,22.0,28770.0,633040000.0,0.0,0.0,22.0,22.1,22.0,28770.0
2019-01-02,18.822,22.3,0.0,22.1,21100.0,466330000.0,0.0,0.0,22.1,22.3,22.1,21100.0
2019-01-03,18.822,22.3,0.0,22.26,7360.0,163820000.0,0.0,0.0,21.2,22.3,21.2,7360.0
2019-01-04,18.822,22.3,0.0,0.0,0.0,0.0,0.0,0.0,22.3,22.3,22.3,0.0
2019-01-07,18.991,22.5,0.8969,22.5,1000.0,22500000.0,0.0,0.0,22.5,22.5,22.5,1000.0
2019-01-08,18.991,22.5,0.0,22.5,16000.0,360000000.0,0.0,0.0,22.5,22.5,22.5,16000.0
2019-01-09,18.991,22.5,0.0,22.53,1500.0,33800000.0,0.0,0.0,22.5,22.6,22.5,1500.0
2019-01-10,18.991,22.5,0.0,22.5,10950.0,246425000.0,0.0,0.0,22.6,22.6,22.5,10950.0
2019-01-11,18.991,22.5,0.0,22.5,35100.0,789800000.0,0.0,0.0,23.0,23.0,22.5,35100.0
2019-01-14,18.991,22.5,0.0,0.0,0.0,0.0,0.0,0.0,22.5,22.5,22.5,0.0
2019-01-15,19.076,22.6,0.4444,22.52,19100.0,430160000.0,0.0,0.0,22.5,22.6,22.5,19100.0
2019-01-16,19.159,22.7,0.4425,22.7,2000.0,45400000.0,0.0,0.0,22.7,22.7,22.7,2000.0
2019-01-17,19.835,23.5,3.5242,23.01,3100.0,71344500.0,0.0,0.0,22.95,23.5,22.95,3100.0
2019-01-18,19.835,23.5,0.0,0.0,0.0,0.0,0.0,0.0,23.5,23.5,23.5,0.0
2019-01-21,18.991,22.5,-4.2553,22.52,1180.0,26570000.0,0.0,0.0,23.5,23.5,22.5,1180.0
2019-01-22,18.991,22.5,0.0,0.0,0.0,0.0,0.0,0.0,22.5,22.5,22.5,0.0
2019-01-23,18.991,22.5,0.0,0.0,0.0,0.0,0.0,0.0,22.5,22.5,22.5,0.0
2019-01-24,17.809,21.1,-6.2222,21.1,500.0,10550000.0,0.0,0.0,21.1,21.1,21.1,500.0
2019-01-25,19.033,22.55,6.872,22.5,120.0,2700500.0,0.0,0.0,22.0,22.55,22.0,120.0
2019-01-28,19.835,23.5,4.2129,23.5,70.0,1645000.0,0.0,0.0,23.5,23.5,23.5,70.0
2019-01-29,19.413,23.0,-2.1277,23.0,1000.0,23000000.0,0.0,0.0,23.0,23.0,23.0,1000.0
2019-01-30,18.991,22.5,-2.1739,22.5,10.0,225000.0,0.0,0.0,22.5,22.5,22.5,10.0
2019-01-31,19.244,22.8,1.3333,22.83,70.0,1598000.0,0.0,0.0,23.0,23.0,22.8,70.0
2019-02-01,18.569,22.0,-3.5088,22.0,2000.0,44000000.0,0.0,0.0,22.0,22.0,22.0,2000.0
2019-02-11,18.569,22.0,0.0,0.0,0.0,0.0,0.0,0.0,22.0,22.0,22.0,0.0
2019-02-12,18.569,22.0,0.0,0.0,0.0,0.0,0.0,0.0,22.0,22.0,22.0,0.0
2019-02-13,18.569,22.0,0.0,22.0,10.0,220000.0,0.0,0.0,22.0,22.0,22.0,10.0
2019-02-14,19.413,23.0,4.5455,23.0,1000.0,23000000.0,0.0,0.0,23.0,23.0,23.0,1000.0
2019-02-15,19.413,23.0,0.0,23.0,400.0,9200000.0,0.0,0.0,23.0,23.0,23.0,400.0
2019-02-18,19.413,23.0,0.0,22.93,3480.0,79800000.0,0.0,0.0,22.5,23.0,22.5,3480.0
2019-02-19,19.413,23.0,0.0,0.0,0.0,0.0,0.0,0.0,23.0,23.0,23.0,0.0
2019-02-20,19.413,23.0,0.0,23.0,1500.0,34500000.0,0.0,0.0,23.0,23.0,23.0,1500.0
2019-02-21,18.738,22.2,-3.4783,22.2,10.0,222000.0,0.0,0.0,22.2,22.2,22.2,10.0
2019-02-22,19.835,23.5,5.8559,23.36,7500.0,175200000.0,0.0,0.0,22.6,23.5,22.6,7500.0
2019-02-25,19.835,23.5,0.0,23.4,25030.0,585690000.0,0.0,0.0,23.0,23.5,23.0,25030.0
2019-02-26,19.835,23.5,0.0,0.0,0.0,0.0,0.0,0.0,23.5,23.5,23.5,0.0
2019-02-27,19.413,23.0,-2.1277,23.14,11420.0,264241500.0,0.0,0.0,22.05,23.5,22.0,11420.0
2019-02-28,19.413,23.0,0.0,0.0,0.0,0.0,0.0,0.0,23.0,23.0,23.0,0.0
2019-03-01,19.413,23.0,0.0,0.0,0.0,0.0,0.0,0.0,23.0,23.0,23.0,0.0
2019-03-04,19.413,23.0,0.0,0.0,0.0,0.0,0.0,0.0,23.0,23.0,23.0,0.0
2019-03-05,19.835,23.5,2.1739,23.48,15580.0,365880000.0,0.0,0.0,23.0,23.5,23.0,15580.0
2019-03-06,18.991,22.5,-4.2553,22.73,1100.0,25000000.0,0.0,0.0,25.0,25.0,22.5,1100.0
2019-03-07,19.413,23.0,2.2222,23.0,16220.0,373060000.0,0.0,0.0,23.0,23.0,23.0,16220.0
2019-03-08,19.413,23.0,0.0,0.0,0.0,0.0,0.0,0.0,23.0,23.0,23.0,0.0
2019-03-11,19.413,23.0,0.0,0.0,0.0,0.0,0.0,0.0,23.0,23.0,23.0,0.0
2019-03-12,20.426,24.2,5.2174,24.2,10.0,242000.0,0.0,0.0,24.2,24.2,24.2,10.0
2019-03-13,20.426,24.2,0.0,0.0,0.0,0.0,0.0,0.0,24.2,24.2,24.2,0.0
2019-03-14,19.076,22.6,-6.6116,22.79,760.0,17320000.0,0.0,0.0,23.0,23.0,22.6,760.0
2019-03-15,19.076,22.6,0.0,0.0,0.0,0.0,0.0,0.0,22.6,22.6,22.6,0.0
2019-03-18,19.076,22.6,0.0,0.0,0.0,0.0,0.0,0.0,22.6,22.6,22.6,0.0
2019-03-19,19.835,23.5,3.9823,23.5,500.0,11750000.0,0.0,0.0,23.5,23.5,23.5,500.0
2019-03-20,19.666,23.3,-0.8511,23.3,1000.0,23300000.0,0.0,0.0,23.3,23.3,23.3,1000.0
2019-03-21,19.582,23.2,-0.4292,22.59,1410.0,31852000.0,0.0,0.0,23.3,23.3,22.3,1410.0
2019-03-22,19.582,23.2,0.0,0.0,0.0,0.0,0.0,0.0,23.2,23.2,23.2,0.0
2019-03-25,19.582,23.2,0.0,23.2,10.0,232000.0,0.0,0.0,23.2,23.2,23.2,10.0
2019-03-26,18.991,22.5,-3.0172,22.0,200010.0,4400225000.0,0.0,0.0,22.0,22.5,22.0,200010.0
2019-03-27,19.076,22.6,0.4444,22.6,298010.0,6735033000.0,0.0,0.0,23.3,23.3,22.6,298010.0
2019-03-28,18.949,22.45,-0.6637,22.45,170.0,3816500.0,0.0,0.0,22.45,22.45,22.45,170.0
2019-03-29,18.569,22.0,-2.0045,22.04,14720.0,324371000.0,0.0,0.0,22.5,22.5,22.0,14720.0
2019-04-01,18.569,22.0,0.0,22.0,12470.0,274340000.0,0.0,0.0,22.0,22.0,22.0,12470.0
2019-04-02,18.653,22.1,0.4545,22.1,184050.0,4067525000.0,0.0,0.0,22.5,22.5,22.1,184050.0
2019-04-03,18.569,22.0,-0.4525,22.0,4000.0,88000000.0,0.0,0.0,22.0,22.0,22.0,4000.0
2019-04-04,18.991,22.5,2.2727,22.0,16670.0,366820000.0,0.0,0.0,22.0,22.5,22.0,16670.0
2019-04-05,18.653,22.1,-1.7778,22.01,14070.0,309697000.0,29542.0,649924000.0,22.1,22.1,22.0,43612.0
2019-04-08,18.991,22.5,1.81,22.1,2840.0,62765000.0,0.0,0.0,22.0,22.5,22.0,2840.0
2019-04-09,19.835,23.5,4.4444,22.49,6070.0,136534500.0,0.0,0.0,22.5,23.5,22.45,6070.0
2019-04-10,19.835,23.5,0.0,0.0,0.0,0.0,0.0,0.0,23.5,23.5,23.5,0.0
2019-04-11,19.835,23.5,0.0,0.0,0.0,0.0,0.0,0.0,23.5,23.5,23.5,0.0
2019-04-12,19.076,22.6,-3.8298,22.6,20.0,452000.0,0.0,0.0,22.6,22.6,22.6,20.0
2019-04-16,18.991,22.5,-0.4425,22.5,10.0,225000.0,0.0,0.0,22.5,22.5,22.5,10.0
2019-04-17,18.569,22.0,-2.2222,22.01,300.0,6603000.0,0.0,0.0,22.3,22.3,22.0,300.0
2019-04-18,18.569,22.0,0.0,0.0,0.0,0.0,0.0,0.0,22.0,22.0,22.0,0.0
2019-04-19,18.569,22.0,0.0,22.0,2000.0,44000000.0,0.0,0.0,22.0,22.0,22.0,2000.0
2019-04-22,18.569,22.0,0.0,0.0,0.0,0.0,0.0,0.0,22.0,22.0,22.0,0.0
2019-04-23,18.991,22.5,2.2727,22.5,110.0,2475000.0,0.0,0.0,22.5,22.5,22.5,110.0
2019-04-24,18.991,22.5,0.0,0.0,0.0,0.0,0.0,0.0,22.5,22.5,22.5,0.0
2019-04-25,18.991,22.5,0.0,22.5,430.0,9675000.0,0.0,0.0,22.5,22.5,22.5,430.0
2019-04-26,19.329,22.9,1.7778,22.9,40.0,916000.0,0.0,0.0,22.9,22.9,22.9,40.0
2019-05-02,18.991,22.5,-1.7467,22.5,3800.0,85500000.0,134500.0,2864850000.0,22.5,22.5,22.5,138300.0
2019-05-03,18.991,22.5,0.0,22.5,1010.0,22725000.0,0.0,0.0,22.5,22.5,22.5,1010.0
2019-05-06,19.413,23.0,2.2222,22.53,1880.0,42350000.0,0.0,0.0,22.5,23.0,22.5,1880.0
2019-05-07,19.244,22.8,-0.8696,22.6,30.0,678000.0,0.0,0.0,22.5,22.8,22.5,30.0
2019-05-08,18.611,22.05,-3.2895,22.8,4910.0,111940500.0,0.0,0.0,22.8,22.8,22.05,4910.0
2019-05-09,18.611,22.05,0.0,22.01,5020.0,110476000.0,0.0,0.0,22.05,23.0,22.0,5020.0
2019-05-10,18.865,22.35,1.3605,22.35,1500.0,33525000.0,0.0,0.0,22.35,22.35,22.35,1500.0
2019-05-13,18.695,22.15,-0.8949,22.15,7000.0,155050000.0,0.0,0.0,22.15,22.15,22.15,7000.0
2019-05-14,18.78,22.25,0.4515,22.25,10.0,222500.0,0.0,0.0,22.25,22.25,22.25,10.0
2019-05-15,18.78,22.25,0.0,0.0,0.0,0.0,0.0,0.0,22.25,22.25,22.25,0.0
2019-05-16,18.738,22.2,-0.2247,22.3,7910.0,176392000.0,0.0,0.0,22.3,22.3,22.2,7910.0
2019-05-17,19.413,23.0,3.6036,23.0,540.0,12420000.0,0.0,0.0,23.0,23.0,23.0,540.0
2019-05-20,20.089,23.8,3.4783,23.8,10.0,238000.0,0.0,0.0,23.8,23.8,23.8,10.0
2019-05-21,20.089,23.8,0.0,0.0,0.0,0.0,0.0,0.0,23.8,23.8,23.8,0.0
2019-05-22,20.089,23.8,0.0,0.0,0.0,0.0,0.0,0.0,23.8,23.8,23.8,0.0
2019-05-23,20.004,23.7,-0.4202,23.22,30.0,696500.0,0.0,0.0,23.8,23.8,22.15,30.0
2019-05-24,20.089,23.8,0.4219,23.72,6000.0,142300000.0,0.0,0.0,23.5,23.8,23.5,6000.0
2019-05-27,20.089,23.8,0.0,0.0,0.0,0.0,0.0,0.0,23.8,23.8,23.8,0.0
2019-05-28,19.413,23.0,-3.3613,23.0,100.0,2300000.0,0.0,0.0,23.0,23.0,23.0,100.0
2019-05-29,20.257,24.0,4.3478,23.99,3480.0,83479000.0,0.0,0.0,22.6,24.0,22.5,3480.0
2019-05-30,19.413,23.0,-4.1667,22.9,4000.0,91601000.0,0.0,0.0,22.55,23.1,22.5,4000.0
2019-05-31,19.497,23.1,0.4348,23.1,500.0,11550000.0,0.0,0.0,23.1,23.1,23.1,500.0
2019-06-03,19.497,23.1,0.0,23.01,1080.0,24847000.0,0.0,0.0,23.0,23.1,23.0,1080.0
2019-06-04,19.497,23.1,0.0,0.0,0.0,0.0,0.0,0.0,23.1,23.1,23.1,0.0
2019-06-05,19.835,23.5,1.7316,23.1,5010.0,115735000.0,0.0,0.0,23.1,23.5,23.1,5010.0
2019-06-06,19.835,23.5,0.0,0.0,0.0,0.0,0.0,0.0,23.5,23.5,23.5,0.0
2019-06-07,19.835,23.5,0.0,0.0,0.0,0.0,0.0,0.0,23.5,23.5,23.5,0.0
2019-06-10,19.497,23.1,-1.7021,23.78,1510.0,35910000.0,0.0,0.0,23.5,23.8,23.1,1510.0
2019-06-11,19.497,23.1,0.0,23.1,1500.0,34650000.0,0.0,0.0,23.1,23.1,23.1,1500.0
2019-06-12,20.089,23.8,3.0303,23.4,14180.0,331831000.0,0.0,0.0,23.2,23.8,23.2,14180.0
2019-06-13,20.089,23.8,0.0,23.8,2000.0,47600000.0,0.0,0.0,23.8,23.8,23.8,2000.0
2019-06-14,19.413,23.0,-3.3613,23.91,24200.0,578700000.0,0.0,0.0,23.8,24.0,23.0,24200.0
2019-06-17,19.919,23.6,2.6087,23.6,240.0,5664000.0,0.0,0.0,23.6,23.6,23.6,240.0
2019-06-18,19.497,23.1,-2.1186,23.1,10.0,231000.0,0.0,0.0,23.1,23.1,23.1,10.0
2019-06-19,19.497,23.1,0.0,23.1,20.0,462000.0,0.0,0.0,23.1,23.1,23.1,20.0
2019-06-20,19.835,23.5,1.7316,23.5,4010.0,94235000.0,0.0,0.0,23.5,23.5,23.5,4010.0
2019-06-21,19.835,23.5,0.0,23.5,5000.0,117500000.0,0.0,0.0,23.5,23.5,23.5,5000.0
2019-06-24,20.679,24.5,4.2553,24.5,80.0,1960000.0,0.0,0.0,24.5,24.5,24.5,80.0
2019-06-25,20.679,24.5,0.0,0.0,0.0,0.0,0.0,0.0,24.5,24.5,24.5,0.0
2019-06-26,19.835,23.5,-4.0816,23.5,10.0,235000.0,680000.0,15504000000.0,23.5,23.5,23.5,680010.0
2019-06-27,19.413,23.0,-2.1277,23.08,760.0,17537000.0,0.0,0.0,23.15,23.15,23.0,760.0
2019-06-28,19.413,23.0,0.0,0.0,0.0,0.0,0.0,0.0,23.0,23.0,23.0,0.0
2019-07-01,19.455,23.05,0.2174,23.05,1080.0,24890000.0,0.0,0.0,23.0,23.05,23.0,1080.0
2019-07-02,19.455,23.05,0.0,0.0,0.0,0.0,0.0,0.0,23.05,23.05,23.05,0.0
2019-07-03,19.455,23.05,0.0,0.0,0.0,0.0,0.0,0.0,23.05,23.05,23.05,0.0
2019-07-04,19.455,23.05,0.0,0.0,0.0,0.0,0.0,0.0,23.05,23.05,23.05,0.0
2019-07-05,19.497,23.1,0.2169,23.1,10.0,231000.0,0.0,0.0,23.1,23.1,23.1,10.0
2019-07-08,19.54,23.15,0.2165,23.15,30.0,694500.0,0.0,0.0,23.15,23.15,23.15,30.0
2019-07-09,19.54,23.15,0.0,0.0,0.0,0.0,0.0,0.0,23.15,23.15,23.15,0.0
2019-07-10,19.582,23.2,0.216,23.2,300.0,6960000.0,0.0,0.0,23.2,23.2,23.2,300.0
2019-07-11,19.582,23.2,0.0,0.0,0.0,0.0,0.0,0.0,23.2,23.2,23.2,0.0
2019-07-12,19.582,23.2,0.0,0.0,0.0,0.0,0.0,0.0,23.2,23.2,23.2,0.0
2019-07-15,19.582,23.2,0.0,0.0,0.0,0.0,0.0,0.0,23.2,23.2,23.2,0.0
2019-07-16,19.582,23.2,0.0,0.0,0.0,0.0,0.0,0.0,23.2,23.2,23.2,0.0
2019-07-17,19.582,23.2,0.0,0.0,0.0,0.0,0.0,0.0,23.2,23.2,23.2,0.0
2019-07-18,19.582,23.2,0.0,0.0,0.0,0.0,0.0,0.0,23.2,23.2,23.2,0.0
2019-07-19,19.582,23.2,0.0,0.0,0.0,0.0,0.0,0.0,23.2,23.2,23.2,0.0
2019-07-22,19.413,23.0,-0.8621,23.09,1770.0,40864000.0,0.0,0.0,23.2,23.2,23.0,1770.0
2019-07-23,19.413,23.0,0.0,0.0,0.0,0.0,0.0,0.0,23.0,23.0,23.0,0.0
2019-07-24,19.413,23.0,0.0,0.0,0.0,0.0,0.0,0.0,23.0,23.0,23.0,0.0
2019-07-25,18.991,22.5,-2.1739,22.51,510.0,11479000.0,0.0,0.0,22.9,22.9,22.5,510.0
2019-07-26,19.413,23.0,2.2222,23.0,750.0,17250000.0,0.0,0.0,23.0,23.0,23.0,750.0
2019-07-29,19.413,23.0,0.0,0.0,0.0,0.0,0.0,0.0,23.0,23.0,23.0,0.0
2019-07-30,19.793,23.45,1.9565,23.33,2000.0,46650000.0,0.0,0.0,23.2,23.45,23.2,2000.0
2019-07-31,20.13,23.85,1.7058,23.85,2000.0,47700000.0,0.0,0.0,23.85,23.85,23.85,2000.0
2019-08-01,20.13,23.85,0.0,0.0,0.0,0.0,0.0,0.0,23.85,23.85,23.85,0.0
2019-08-02,19.413,23.0,-3.5639,23.0,500.0,11500000.0,0.0,0.0,23.0,23.0,23.0,500.0
2019-08-05,20.215,23.95,4.1304,23.95,10.0,239500.0,0.0,0.0,23.95,23.95,23.95,10.0
2019-08-06,20.215,23.95,0.0,0.0,0.0,0.0,0.0,0.0,23.95,23.95,23.95,0.0
2019-08-07,20.215,23.95,0.0,0.0,0.0,0.0,0.0,0.0,23.95,23.95,23.95,0.0
2019-08-08,19.455,23.05,-3.7578,23.1,530.0,12245000.0,0.0,0.0,24.0,24.0,23.05,530.0
2019-08-09,19.835,23.5,1.9523,23.5,4000.0,94000000.0,0.0,0.0,23.5,23.5,23.5,4000.0
2019-08-12,19.835,23.5,0.0,0.0,0.0,0.0,0.0,0.0,23.5,23.5,23.5,0.0
2019-08-13,19.835,23.5,0.0,0.0,0.0,0.0,0.0,0.0,23.5,23.5,23.5,0.0
2019-08-14,19.582,23.2,-1.2766,23.2,50.0,1160000.0,0.0,0.0,23.2,23.2,23.2,50.0
2019-08-15,19.582,23.2,0.0,0.0,0.0,0.0,0.0,0.0,23.2,23.2,23.2,0.0
2019-08-16,19.582,23.2,0.0,0.0,0.0,0.0,0.0,0.0,23.2,23.2,23.2,0.0
2019-08-19,19.413,23.0,-0.8621,23.0,200.0,4600000.0,0.0,0.0,23.0,23.0,23.0,200.0
2019-08-20,19.413,23.0,0.0,23.0,960.0,22080000.0,0.0,0.0,23.0,23.0,23.0,960.0
2019-08-21,18.906,22.4,-2.6087,22.4,251000.0,5623000000.0,0.0,0.0,23.0,23.0,22.4,251000.0
2019-08-22,19.413,23.0,2.6786,22.4,429010.0,9610310000.0,0.0,0.0,23.0,23.0,22.4,429010.0
2019-08-23,19.666,23.3,1.3043,23.14,15200.0,351740000.0,0.0,0.0,23.3,23.3,23.1,15200.0
2019-08-26,19.919,23.6,1.2876,23.53,8950.0,210576500.0,0.0,0.0,23.45,23.8,23.3,8950.0
2019-08-27,20.51,24.3,2.9661,24.3,3790.0,92097000.0,0.0,0.0,24.3,24.3,24.3,3790.0
2019-08-28,20.172,23.9,-1.6461,24.0,4200.0,100800000.0,0.0,0.0,24.1,24.1,23.9,4200.0
2019-08-29,19.835,23.5,-1.6736,24.32,12820.0,311791000.0,0.0,0.0,24.4,24.45,23.5,12820.0
2019-08-30,20.257,24.0,2.1277,24.19,7380.0,178494000.0,0.0,0.0,24.2,24.2,24.0,7380.0
2019-09-03,19.751,23.4,-2.5,23.22,18400.0,427300000.0,0.0,0.0,23.5,23.5,23.0,18400.0
2019-09-04,19.919,23.6,0.8547,23.64,14060.0,332383000.0,0.0,0.0,24.45,24.45,23.6,14060.0
2019-09-05,20.257,24.0,1.6949,23.97,4100.0,98276000.0,0.0,0.0,23.9,24.0,23.1,4100.0
2019-09-06,20.257,24.0,0.0,24.0,6390.0,153360000.0,0.0,0.0,24.0,24.0,24.0,6390.0
2019-09-09,20.257,24.0,0.0,24.03,70.0,1682000.0,0.0,0.0,24.2,24.2,24.0,70.0
2019-09-10,20.257,24.0,0.0,24.03,15050.0,361636500.0,0.0,0.0,24.2,24.2,24.0,15050.0
2019-09-11,20.257,24.0,0.0,23.96,2140.0,51272000.0,0.0,0.0,24.0,24.0,23.8,2140.0
2019-09-12,20.257,24.0,0.0,23.75,300.0,7126000.0,0.0,0.0,23.3,24.0,23.3,300.0
2019-09-13,20.257,24.0,0.0,24.0,710.0,17039000.0,0.0,0.0,24.0,24.0,23.95,710.0
2019-09-16,20.257,24.0,0.0,23.96,26480.0,634368000.0,0.0,0.0,24.1,24.1,23.9,26480.0
2019-09-17,20.215,23.95,-0.2083,24.01,37890.0,909571500.0,0.0,0.0,24.0,24.2,23.95,37890.0
2019-09-18,20.353,22.1,0.6834,22.12,60.0,1327000.0,0.0,0.0,22.2,22.2,22.1,60.0
2019-09-19,20.353,22.1,0.0,0.0,0.0,0.0,0.0,0.0,22.1,22.1,22.1,0.0
2019-09-20,19.892,21.6,-2.2624,21.75,4110.0,89386000.0,0.0,0.0,21.75,21.75,21.6,4110.0
2019-09-23,20.353,22.1,2.3148,20.61,2530.0,52154000.0,0.0,0.0,21.6,22.1,20.2,2530.0
2019-09-24,20.445,22.2,0.4525,22.1,6850.0,151397000.0,0.0,0.0,22.1,23.2,22.1,6850.0
2019-09-25,19.8,21.5,-3.1532,21.0,50120.0,1052530000.0,0.0,0.0,21.0,21.5,21.0,50120.0
2019-09-26,19.8,21.5,0.0,21.69,1080.0,23430000.0,0.0,0.0,22.9,22.9,21.5,1080.0
2019-09-27,20.307,22.05,2.5581,20.94,1350.0,28275500.0,0.0,0.0,21.0,22.05,20.75,1350.0
2019-09-30,20.721,22.5,2.0408,21.91,13590.0,297780500.0,0.0,0.0,21.95,22.5,21.75,13590.0
2019-10-01,20.721,22.5,0.0,22.5,70.0,1575000.0,0.0,0.0,22.5,22.5,22.5,70.0
2019-10-02,20.261,22.0,-2.2222,21.93,8280.0,181585500.0,0.0,0.0,21.6,22.0,21.6,8280.0
2019-10-03,20.537,22.3,1.3636,22.77,150.0,3415000.0,0.0,0.0,23.0,23.0,22.3,150.0
2019-10-04,20.261,22.0,-1.3453,22.0,14580.0,320770000.0,0.0,0.0,22.0,22.2,22.0,14580.0
2019-10-07,19.8,21.5,-2.2727,21.79,14570.0,317536000.0,0.0,0.0,22.0,22.0,21.5,14570.0
2019-10-08,19.985,21.7,0.9302,21.63,18600.0,402272000.0,0.0,0.0,22.0,22.0,21.5,18600.0
2019-10-09,20.169,21.9,0.9217,21.58,1700.0,36680000.0,0.0,0.0,21.5,21.9,21.5,1700.0
2019-10-10,20.077,21.8,-0.4566,21.82,10110.0,220581000.0,0.0,0.0,22.0,22.0,21.8,10110.0
2019-10-11,20.077,21.8,0.0,0.0,0.0,0.0,0.0,0.0,21.8,21.8,21.8,0.0
2019-10-14,19.8,21.5,-1.3761,21.63,1580.0,34174000.0,0.0,0.0,21.7,21.7,21.5,1580.0
2019-10-15,19.892,21.6,0.4651,21.6,900.0,19440000.0,0.0,0.0,21.6,21.6,21.6,900.0
2019-10-16,19.939,21.65,0.2315,21.63,7250.0,156815000.0,0.0,0.0,21.5,21.7,21.5,7250.0
2019-10-17,20.077,21.8,0.6928,21.75,1500.0,32625000.0,0.0,0.0,21.65,21.8,21.65,1500.0
2019-10-18,20.077,21.8,0.0,21.8,5100.0,111180000.0,0.0,0.0,21.8,21.8,21.8,5100.0
2019-10-21,20.077,21.8,0.0,21.88,1750.0,38290000.0,0.0,0.0,22.0,22.0,21.8,1750.0
2019-10-22,20.261,22.0,0.9174,22.0,330.0,7260000.0,0.0,0.0,22.0,22.0,22.0,330.0
2019-10-23,20.261,22.0,0.0,0.0,0.0,0.0,0.0,0.0,22.0,22.0,22.0,0.0
2019-10-24,20.261,22.0,0.0,22.15,590.0,13070000.0,0.0,0.0,22.2,22.2,22.0,590.0
2019-10-25,20.077,21.8,-0.9091,21.8,850.0,18530000.0,0.0,0.0,21.8,21.8,21.8,850.0
2019-10-28,20.169,21.9,0.4587,21.92,860.0,18852000.0,0.0,0.0,21.9,22.0,21.9,860.0
2019-10-29,19.8,21.5,-1.8265,21.5,1340.0,28812500.0,0.0,0.0,21.75,21.75,21.5,1340.0
2019-10-30,19.892,21.6,0.4651,21.6,1000.0,21600000.0,0.0,0.0,21.6,21.6,21.6,1000.0
2019-10-31,20.261,22.0,1.8519,21.89,2250.0,49250000.0,0.0,0.0,21.8,22.0,21.8,2250.0
2019-11-01,20.261,22.0,0.0,22.0,100.0,2200000.0,0.0,0.0,22.0,22.0,22.0,100.0
2019-11-04,20.261,22.0,0.0,0.0,0.0,0.0,0.0,0.0,22.0,22.0,22.0,0.0
2019-11-05,20.077,21.8,-0.9091,21.75,2440.0,53082000.0,0.0,0.0,21.7,21.8,21.7,2440.0
2019-11-06,20.261,22.0,0.9174,22.0,50.0,1100000.0,0.0,0.0,22.0,22.0,22.0,50.0
2019-11-07,20.353,22.1,0.4545,22.05,8700.0,191853000.0,0.0,0.0,22.0,22.1,22.0,8700.0
2019-11-08,20.261,22.0,-0.4525,22.0,1350.0,29700000.0,0.0,0.0,22.0,22.0,22.0,1350.0
2019-11-11,20.261,22.0,0.0,22.05,2000.0,44100000.0,0.0,0.0,22.0,22.2,22.0,2000.0
2019-11-12,20.353,22.1,0.4545,22.0,13740.0,302228000.0,0.0,0.0,22.0,22.1,21.8,13740.0
2019-11-13,20.261,22.0,-0.4525,22.1,4000.0,88400000.0,0.0,0.0,22.0,22.2,22.0,4000.0
2019-11-14,20.261,22.0,0.0,22.01,41080.0,904188000.0,0.0,0.0,22.0,22.1,22.0,41080.0
2019-11-15,20.261,22.0,0.0,22.0,31930.0,702460000.0,0.0,0.0,22.0,22.0,22.0,31930.0
2019-11-18,20.445,22.2,0.9091,22.17,7120.0,157854000.0,0.0,0.0,22.1,22.2,22.1,7120.0
2019-11-19,20.353,22.1,-0.4505,22.11,760.0,16804000.0,0.0,0.0,22.9,22.9,22.1,760.0
2019-11-20,21.182,23.0,4.0724,22.02,1220.0,26860000.0,0.0,0.0,22.0,23.0,22.0,1220.0
2019-11-21,22.103,24.0,4.3478,23.0,12010.0,276240000.0,0.0,0.0,23.0,24.0,23.0,12010.0
2019-11-22,22.011,23.9,-0.4167,22.41,5540.0,124126000.0,0.0,0.0,22.4,23.9,22.4,5540.0
2019-11-25,20.721,22.5,-5.8577,22.5,20050.0,451144000.0,0.0,0.0,24.4,24.4,22.5,20050.0
2019-11-26,22.103,24.0,6.6667,24.0,30.0,720000.0,0.0,0.0,24.0,24.0,24.0,30.0
2019-11-27,20.721,22.5,-6.25,22.51,460.0,10356000.0,0.0,0.0,22.35,23.4,22.35,460.0
2019-11-28,20.721,22.5,0.0,0.0,0.0,0.0,0.0,0.0,22.5,22.5,22.5,0.0
2019-11-29,19.432,21.1,-6.2222,21.1,10.0,211000.0,0.0,0.0,22.5,21.1,21.1,10.0
2019-12-02,20.767,22.55,6.872,22.55,10.0,225500.0,0.0,0.0,22.55,22.55,22.55,10.0
2019-12-03,21.458,23.3,3.3259,23.3,10.0,233000.0,0.0,0.0,23.3,23.3,23.3,10.0
2019-12-04,21.458,23.3,0.0,0.0,0.0,0.0,0.0,0.0,23.3,23.3,23.3,0.0
2019-12-05,21.458,23.3,0.0,21.72,1010.0,21933000.0,0.0,0.0,21.7,23.3,21.7,1010.0
2019-12-06,19.985,21.7,-6.867,21.72,1060.0,23022000.0,0.0,0.0,21.8,21.8,21.7,1060.0
2019-12-09,19.524,21.2,-2.3041,21.63,6240.0,134968000.0,0.0,0.0,21.7,21.7,21.2,6240.0
2019-12-10,19.8,21.5,1.4151,21.21,310.0,6576000.0,0.0,0.0,21.2,21.5,21.2,310.0
2019-12-11,20.261,22.0,2.3256,22.0,10.0,220000.0,0.0,0.0,22.0,22.0,22.0,10.0
2019-12-12,21.044,22.85,3.8636,22.87,60.0,1372000.0,0.0,0.0,22.95,22.95,22.85,60.0
2019-12-13,21.044,22.85,0.0,0.0,0.0,0.0,0.0,0.0,22.85,22.85,22.85,0.0
2019-12-16,21.78,23.65,3.5011,22.25,310.0,6896500.0,0.0,0.0,22.2,23.65,22.2,310.0
2019-12-17,21.78,23.65,0.0,0.0,0.0,0.0,0.0,0.0,23.65,23.65,23.65,0.0
2019-12-18,21.78,23.65,0.0,0.0,0.0,0.0,0.0,0.0,23.65,23.65,23.65,0.0
2019-12-19,21.09,22.9,-3.1712,22.01,770.0,16949000.0,0.0,0.0,23.65,22.9,22.0,770.0
2019-12-20,20.261,22.0,-3.9301,21.67,3000.0,65000000.0,0.0,0.0,22.0,22.0,21.5,3000.0
2019-12-23,19.985,21.7,-1.3636,20.52,1010.0,20725000.0,0.0,0.0,20.8,21.7,20.5,1010.0
2019-12-24,20.261,22.0,1.3825,21.79,7640.0,166477500.0,0.0,0.0,21.7,22.0,21.7,7640.0
2019-12-25,20.077,21.8,-0.9091,21.68,12140.0,263152000.0,0.0,0.0,21.6,21.8,21.6,12140.0
2019-12-26,20.261,22.0,0.9174,21.9,2870.0,62840000.0,0.0,0.0,21.8,22.0,21.8,2870.0
2019-12-27,20.261,22.0,0.0,22.0,1630.0,35860000.0,0.0,0.0,22.0,22.0,22.0,1630.0
2019-12-30,19.8,21.5,-2.2727,21.75,4660.0,101367000.0,0.0,0.0,21.9,22.0,21.5,4660.0
2019-12-31,19.8,21.5,0.0,21.28,4000.0,85120000.0,0.0,0.0,20.7,21.5,20.7,4000.0
2020-01-02,20.077,21.8,1.3953,21.8,400.0,8720000.0,0.0,0.0,21.8,21.8,21.8,400.0
2020-01-03,21.182,23.0,5.5046,23.0,200.0,4600000.0,0.0,0.0,23.0,23.0,23.0,200.0
2020-01-06,20.353,22.1,-3.913,22.1,9500.0,209950000.0,0.0,0.0,22.1,22.1,22.1,9500.0
2020-01-07,20.353,22.1,0.0,0.0,0.0,0.0,0.0,0.0,22.1,22.1,22.1,0.0
2020-01-08,20.353,22.1,0.0,0.0,0.0,0.0,0.0,0.0,22.1,22.1,22.1,0.0
2020-01-09,20.353,22.1,0.0,22.1,200.0,4420000.0,0.0,0.0,22.1,22.1,22.1,200.0
2020-01-10,21.182,23.0,4.0724,22.63,890.0,20140000.0,0.0,0.0,22.0,23.0,22.0,890.0
2020-01-13,21.182,23.0,0.0,0.0,0.0,0.0,0.0,0.0,23.0,23.0,23.0,0.0
2020-01-14,20.721,22.5,-2.1739,22.58,5210.0,117666000.0,0.0,0.0,22.6,22.6,22.5,5210.0
2020-01-15,20.721,22.5,0.0,22.52,1170.0,26349000.0,0.0,0.0,22.5,22.9,22.5,1170.0
2020-01-16,20.721,22.5,0.0,22.5,2040.0,45902500.0,0.0,0.0,22.75,22.75,22.5,2040.0
2020-01-17,20.721,22.5,0.0,0.0,0.0,0.0,0.0,0.0,22.5,22.5,22.5,0.0
2020-01-20,20.721,22.5,0.0,22.5,210.0,4725000.0,0.0,0.0,22.5,22.5,22.5,210.0
2020-01-21,20.261,22.0,-2.2222,22.0,800.0,17600000.0,0.0,0.0,22.0,22.0,22.0,800.0
2020-01-22,21.044,22.85,3.8636,22.87,4980.0,113908000.0,0.0,0.0,22.8,22.9,22.8,4980.0
2020-01-30,19.892,21.6,-5.4705,21.6,60.0,1296000.0,0.0,0.0,21.6,21.6,21.6,60.0
2020-01-31,19.892,21.6,0.0,0.0,0.0,0.0,0.0,0.0,21.6,21.6,21.6,0.0
2020-02-03,20.261,22.0,1.8519,22.0,160.0,3520000.0,0.0,0.0,22.0,22.0,22.0,160.0
2020-02-04,20.077,21.8,-0.9091,22.13,50.0,1106500.0,0.0,0.0,23.45,23.45,21.8,50.0
2020-02-05,20.261,22.0,0.9174,22.0,1000.0,22000000.0,0.0,0.0,22.0,22.0,22.0,1000.0
2020-02-06,21.09,22.9,4.0909,22.9,10.0,229000.0,0.0,0.0,22.9,22.9,22.9,10.0
2020-02-07,20.261,22.0,-3.9301,22.0,4000.0,88000000.0,0.0,0.0,22.0,22.0,22.0,4000.0
2020-02-10,21.182,23.0,4.5455,23.0,10.0,230000.0,0.0,0.0,23.0,23.0,23.0,10.0
2020-02-11,21.826,23.7,3.0435,23.7,10.0,237000.0,0.0,0.0,23.7,23.7,23.7,10.0
2020-02-12,20.675,22.45,-5.2743,22.14,1510.0,33429500.0,0.0,0.0,22.1,22.45,22.05,1510.0
2020-02-13,20.261,22.0,-2.0045,22.0,1800.0,39600000.0,0.0,0.0,22.0,22.0,22.0,1800.0
2020-02-14,20.261,22.0,0.0,22.0,6000.0,132000000.0,0.0,0.0,22.0,22.0,22.0,6000.0
2020-02-17,19.34,21.0,-4.5455,21.99,7040.0,154840000.0,0.0,0.0,22.0,22.0,21.0,7040.0
2020-02-18,20.261,22.0,4.7619,21.88,8170.0,178740000.0,0.0,0.0,21.5,22.0,21.5,8170.0
2020-02-19,20.261,22.0,0.0,21.97,2180.0,47895500.0,0.0,0.0,21.85,22.0,21.85,2180.0
2020-02-20,20.261,22.0,0.0,22.0,430.0,9460000.0,0.0,0.0,22.0,22.0,22.0,430.0
2020-02-21,20.721,22.5,2.2727,22.09,1300.0,28715000.0,0.0,0.0,22.0,22.5,22.0,1300.0
2020-02-24,21.965,23.85,6.0,23.85,10.0,238500.0,0.0,0.0,23.85,23.85,23.85,10.0
2020-02-25,21.182,23.0,-3.5639,23.0,100.0,2300000.0,0.0,0.0,23.0,23.0,23.0,100.0
2020-02-26,20.261,22.0,-4.3478,22.0,4000.0,88000000.0,0.0,0.0,22.0,22.0,22.0,4000.0
2020-02-27,21.182,23.0,4.5455,23.0,10.0,230000.0,0.0,0.0,23.0,23.0,23.0,10.0
2020-02-28,21.182,23.0,0.0,0.0,0.0,0.0,0.0,0.0,23.0,23.0,23.0,0.0
2020-03-02,22.563,24.5,6.5217,24.5,10.0,245000.0,0.0,0.0,24.5,24.5,24.5,10.0
2020-03-03,21.182,23.0,-6.1224,23.3,50.0,1165000.0,0.0,0.0,23.5,23.5,23.0,50.0
2020-03-04,21.182,23.0,0.0,0.0,0.0,0.0,0.0,0.0,23.0,23.0,23.0,0.0
2020-03-05,22.103,24.0,4.3478,23.44,2040.0,47810000.0,0.0,0.0,21.7,24.0,21.7,2040.0
2020-03-06,20.998,22.8,-5.0,22.8,10.0,228000.0,0.0,0.0,22.8,22.8,22.8,10.0
2020-03-09,19.708,21.4,-6.1404,21.44,3110.0,66693500.0,0.0,0.0,21.35,22.8,21.35,3110.0
2020-03-10,20.077,21.8,1.8692,21.26,4730.0,100539500.0,0.0,0.0,21.8,21.8,20.05,4730.0
2020-03-11,21.274,23.1,5.9633,23.1,10.0,231000.0,0.0,0.0,23.1,23.1,23.1,10.0
2020-03-12,21.136,22.95,-0.6494,21.5,2970.0,63869500.0,0.0,0.0,21.5,22.95,21.5,2970.0
2020-03-13,20.077,21.8,-5.0109,21.43,1800.0,38578000.0,0.0,0.0,21.35,22.45,21.35,1800.0
2020-03-16,20.077,21.8,0.0,22.01,1150.0,25308000.0,0.0,0.0,23.0,23.0,21.8,1150.0
2020-03-17,21.182,23.0,5.5046,22.02,510.0,11230000.0,0.0,0.0,22.0,23.0,22.0,510.0
2020-03-18,21.182,23.0,0.0,0.0,0.0,0.0,0.0,0.0,23.0,23.0,23.0,0.0
2020-03-19,20.445,22.2,-3.4783,22.2,4960.0,110112000.0,0.0,0.0,22.2,22.2,22.2,4960.0
2020-03-20,21.182,23.0,3.6036,23.13,60.0,1387500.0,0.0,0.0,23.75,23.75,23.0,60.0
2020-03-23,20.721,22.5,-2.1739,22.0,5680.0,124965000.0,0.0,0.0,22.0,22.5,22.0,5680.0
2020-03-24,20.721,22.5,0.0,0.0,0.0,0.0,0.0,0.0,22.5,22.5,22.5,0.0
2020-03-25,20.721,22.5,0.0,22.5,2080.0,46800000.0,0.0,0.0,22.5,22.5,22.5,2080.0
2020-03-26,20.261,22.0,-2.2222,22.04,1130.0,24900000.0,0.0,0.0,22.4,22.4,22.0,1130.0
2020-03-27,20.169,21.9,-0.4545,21.9,7250.0,158805500.0,0.0,0.0,22.2,22.2,21.9,7250.0
2020-03-30,19.8,21.5,-1.8265,21.58,7670.0,165485000.0,0.0,0.0,21.9,21.9,21.5,7670.0
2020-03-31,19.8,21.5,0.0,21.58,400.0,8630000.0,0.0,0.0,21.8,21.8,21.5,400.0
2020-04-01,21.182,23.0,6.9767,23.0,10.0,230000.0,0.0,0.0,23.0,23.0,23.0,10.0
2020-04-03,20.261,22.0,-4.3478,21.85,4140.0,90478000.0,0.0,0.0,22.0,22.0,21.7,4140.0
2020-04-06,21.55,23.4,6.3636,23.4,10.0,234000.0,0.0,0.0,23.4,23.4,23.4,10.0
2020-04-07,22.103,24.0,2.5641,24.0,10.0,240000.0,0.0,0.0,24.0,24.0,24.0,10.0
2020-04-08,22.103,24.0,0.0,0.0,0.0,0.0,0.0,0.0,24.0,24.0,24.0,0.0
2020-04-09,20.721,22.5,-6.25,22.39,2120.0,47472500.0,0.0,0.0,22.35,23.0,22.35,2120.0
2020-04-10,20.721,22.5,0.0,22.42,1710.0,38340000.0,0.0,0.0,22.05,22.5,22.05,1710.0
2020-04-13,20.721,22.5,0.0,22.51,1720.0,38715000.0,0.0,0.0,24.0,24.0,22.5,1720.0
2020-04-14,21.182,23.0,2.2222,23.0,4790.0,110169000.0,0.0,0.0,22.9,23.0,22.9,4790.0
2020-04-15,20.721,22.5,-2.1739,22.5,370.0,8325000.0,0.0,0.0,22.5,22.5,22.5,370.0
2020-04-16,20.491,22.25,-1.1111,22.82,30.0,684500.0,0.0,0.0,23.95,23.95,22.25,30.0
2020-04-17,20.906,22.7,2.0225,22.66,2780.0,62981000.0,0.0,0.0,22.9,22.9,22.6,2780.0
2020-04-20,20.998,22.8,0.4405,22.82,2540.0,57964000.0,0.0,0.0,22.9,22.9,22.8,2540.0
2020-04-21,20.998,22.8,0.0,0.0,0.0,0.0,0.0,0.0,22.8,22.8,22.8,0.0
2020-04-22,20.998,22.8,0.0,0.0,0.0,0.0,0.0,0.0,22.8,22.8,22.8,0.0
2020-04-23,20.998,22.8,0.0,22.8,10.0,228000.0,0.0,0.0,22.8,22.8,22.8,10.0
2020-04-24,20.998,22.8,0.0,22.83,6100.0,139242500.0,0.0,0.0,22.9,22.95,22.8,6100.0
2020-04-27,20.998,22.8,0.0,22.8,25820.0,588696000.0,0.0,0.0,22.8,22.8,22.8,25820.0
2020-04-28,20.998,22.8,0.0,22.8,4100.0,93480000.0,0.0,0.0,22.8,22.8,22.8,4100.0
2020-04-29,20.721,22.5,-1.3158,22.57,24230.0,546825000.0,0.0,0.0,22.8,22.8,22.5,24230.0
2020-05-04,21.182,23.0,2.2222,22.94,2530.0,58038000.0,0.0,0.0,23.0,23.0,22.9,2530.0
2020-05-05,21.366,23.2,0.8696,23.69,5040.0,119422000.0,0.0,0.0,23.0,24.0,23.0,5040.0
2020-05-06,22.103,24.0,3.4483,24.0,10.0,240000.0,0.0,0.0,24.0,24.0,24.0,10.0
2020-05-07,22.103,24.0,0.0,24.23,3010.0,72941000.0,0.0,0.0,24.35,24.35,24.0,3010.0
2020-05-08,22.103,24.0,0.0,0.0,0.0,0.0,0.0,0.0,24.0,24.0,24.0,0.0
2020-05-11,22.103,24.0,0.0,24.01,210.0,5043000.0,0.0,0.0,24.3,24.3,24.0,210.0
2020-05-12,22.103,24.0,0.0,23.26,2020.0,46983000.0,0.0,0.0,24.3,24.3,23.0,2020.0
2020-05-13,22.103,24.0,0.0,23.5,5030.0,118222000.0,0.0,0.0,24.1,24.1,23.5,5030.0
2020-05-14,22.103,24.0,0.0,0.0,0.0,0.0,0.0,0.0,24.0,24.0,24.0,0.0
2020-05-15,21.642,23.5,-2.0833,23.53,11810.0,277898000.0,0.0,0.0,24.0,24.0,23.5,11810.0
2020-05-18,22.103,24.0,2.1277,24.0,1300.0,31200000.0,0.0,0.0,24.0,24.0,24.0,1300.0
2020-05-19,22.103,24.0,0.0,23.91,6520.0,155874000.0,0.0,0.0,23.7,24.0,23.7,6520.0
2020-05-20,22.103,24.0,0.0,0.0,0.0,0.0,0.0,0.0,24.0,24.0,24.0,0.0
2020-05-21,22.103,24.0,0.0,24.0,6770.0,162480000.0,0.0,0.0,24.0,24.0,24.0,6770.0
2020-05-22,22.103,24.0,0.0,24.15,20.0,483000.0,0.0,0.0,24.3,24.3,24.0,20.0
2020-05-25,22.287,24.2,0.8333,24.14,8460.0,204228000.0,0.0,0.0,24.1,24.2,24.0,8460.0
2020-05-26,22.287,24.2,0.0,0.0,0.0,0.0,0.0,0.0,24.2,24.2,24.2,0.0
2020-05-27,23.208,25.2,4.1322,25.05,7190.0,180094000.0,0.0,0.0,24.2,25.2,24.2,7190.0
2020-05-28,23.024,25.0,-0.7937,25.16,3760.0,94600000.0,0.0,0.0,25.2,25.2,25.0,3760.0
2020-05-29,21.826,23.7,-5.2,25.0,4010.0,100237000.0,0.0,0.0,25.0,25.0,23.7,4010.0
2020-06-01,22.563,24.5,3.3755,24.5,3010.0,73750000.0,0.0,0.0,25.0,25.0,24.5,3010.0
2020-06-02,22.563,24.5,0.0,24.25,20.0,485000.0,0.0,0.0,24.0,24.5,24.0,20.0
2020-06-03,22.701,24.65,0.6122,24.51,1580.0,38726500.0,0.0,0.0,24.5,24.65,24.5,1580.0
2020-06-04,22.84,24.8,0.6085,23.37,8230.0,192328000.0,0.0,0.0,24.5,25.0,23.0,8230.0
2020-06-05,22.701,24.65,-0.6048,24.6,10290.0,253148500.0,0.0,0.0,24.6,24.65,24.6,10290.0
2020-06-08,22.747,24.7,0.2028,24.52,940.0,23046500.0,0.0,0.0,25.45,25.45,24.5,940.0
2020-06-09,22.563,24.5,-0.8097,24.4,1140.0,27820000.0,0.0,0.0,24.4,24.5,24.4,1140.0
2020-06-10,22.563,24.5,0.0,24.45,10140.0,247935000.0,0.0,0.0,25.0,25.0,24.4,10140.0
2020-06-11,22.103,24.0,-2.0408,24.35,6670.0,162400000.0,0.0,0.0,24.4,24.4,24.0,6670.0
2020-06-12,22.287,24.2,0.8333,24.09,9010.0,217045000.0,0.0,0.0,24.0,24.5,24.0,9010.0
2020-06-15,22.287,24.2,0.0,24.49,3010.0,73702000.0,0.0,0.0,24.3,24.5,24.2,3010.0
2020-06-16,22.287,24.2,0.0,24.17,1990.0,48108000.0,0.0,0.0,24.15,24.2,24.15,1990.0
2020-06-17,22.379,24.3,0.4132,24.3,5000.0,121500000.0,0.0,0.0,24.3,24.3,24.3,5000.0
2020-06-18,22.563,24.5,0.823,24.5,10200.0,249905000.0,0.0,0.0,25.0,25.0,24.5,10200.0
2020-06-19,22.471,24.4,-0.4082,24.47,1500.0,36700000.0,0.0,0.0,24.5,24.5,24.4,1500.0
2020-06-22,22.563,24.5,0.4098,24.5,2030.0,49735000.0,0.0,0.0,24.5,24.5,24.5,2030.0
2020-06-23,22.932,24.9,1.6327,24.9,10.0,249000.0,0.0,0.0,24.9,24.9,24.9,10.0
2020-06-24,22.932,24.9,0.0,25.0,1400.0,34999000.0,0.0,0.0,25.0,25.0,24.9,1400.0
2020-06-25,23.208,25.2,1.2048,24.9,11000.0,273903000.0,0.0,0.0,24.9,25.2,24.9,11000.0
2020-06-26,22.103,24.0,-4.7619,24.4,24790.0,604804000.0,0.0,0.0,26.95,26.95,24.0,24790.0
2020-06-29,22.103,24.0,0.0,23.74,33010.0,783693500.0,0.0,0.0,25.65,25.65,23.2,33010.0
2020-06-30,23.484,25.5,6.25,23.0,5560.0,127905000.0,0.0,0.0,23.0,25.5,23.0,5560.0
2020-07-01,23.024,25.0,-1.9608,24.35,3020.0,73522500.0,0.0,0.0,27.25,27.25,24.0,3020.0
2020-07-02,23.024,25.0,0.0,25.23,30.0,757000.0,0.0,0.0,25.2,25.5,25.0,30.0
2020-07-03,23.024,25.0,0.0,0.0,0.0,0.0,0.0,0.0,25.0,25.0,25.0,0.0
2020-07-06,23.024,25.0,0.0,23.38,1110.0,25950000.0,0.0,0.0,23.25,25.0,23.25,1110.0
2020-07-07,23.853,25.9,3.6,25.9,50.0,1295000.0,0.0,0.0,25.9,25.9,25.9,50.0
2020-07-08,23.853,25.9,0.0,0.0,0.0,0.0,0.0,0.0,25.9,25.9,25.9,0.0
2020-07-09,23.392,25.4,-1.9305,25.4,30.0,762000.0,0.0,0.0,25.4,25.4,25.4,30.0
2020-07-10,23.392,25.4,0.0,0.0,0.0,0.0,0.0,0.0,25.4,25.4,25.4,0.0
2020-07-13,23.392,25.4,0.0,25.33,320.0,8104000.0,0.0,0.0,25.3,25.4,24.0,320.0
2020-07-14,23.392,25.4,0.0,23.844,820.0,19552000.0,0.0,0.0,23.8,25.4,23.8,820.0
2020-07-15,23.392,25.4,0.0,23.71,3010.0,71374000.0,0.0,0.0,23.8,25.4,23.7,3010.0
2020-07-16,23.392,25.4,0.0,23.71,3010.0,71360000.0,0.0,0.0,24.0,25.4,23.7,3010.0
2020-07-17,23.392,25.4,0.0,0.0,0.0,0.0,0.0,0.0,25.4,25.4,25.4,0.0
2020-07-20,23.392,25.4,0.0,0.0,0.0,0.0,0.0,0.0,25.4,25.4,25.4,0.0
2020-07-21,23.208,25.2,-0.7874,23.93,3000.0,71787500.0,0.0,0.0,24.0,25.3,23.9,3000.0
2020-07-22,22.195,24.1,-4.3651,24.07,290.0,6980000.0,0.0,0.0,24.1,24.1,24.0,290.0
2020-07-23,22.932,24.9,3.3195,23.9,6010.0,143649000.0,0.0,0.0,23.9,24.9,23.9,6010.0
2020-07-24,22.103,24.0,-3.6145,24.0,5000.0,120000000.0,0.0,0.0,24.0,24.0,24.0,5000.0
2020-07-27,20.998,22.8,-5.0,25.33,520.0,13170500.0,0.0,0.0,25.65,25.65,22.8,520.0
2020-07-28,22.425,24.35,6.7982,24.35,10.0,243500.0,0.0,0.0,24.35,24.35,24.35,10.0
2020-07-29,23.346,25.35,4.1068,25.35,10.0,253500.0,0.0,0.0,25.35,25.35,25.35,10.0
2020-07-30,22.563,24.5,-3.3531,24.98,20.0,499500.0,0.0,0.0,25.45,25.45,24.5,20.0
2020-07-31,22.471,24.4,-0.4082,24.4,10.0,244000.0,0.0,0.0,24.4,24.4,24.4,10.0
2020-08-03,22.563,24.5,0.4098,24.49,270.0,6612500.0,0.0,0.0,23.5,25.25,23.5,270.0
2020-08-04,22.563,24.5,0.0,23.66,1510.0,35728500.0,0.0,0.0,24.0,24.5,23.55,1510.0
2020-08-05,22.563,24.5,0.0,0.0,0.0,0.0,0.0,0.0,24.5,24.5,24.5,0.0
2020-08-06,22.379,24.3,-0.8163,24.83,20.0,496500.0,0.0,0.0,25.35,25.35,24.3,20.0
2020-08-07,21.919,23.8,-2.0576,23.81,540.0,12860000.0,0.0,0.0,24.0,24.0,23.8,540.0
2020-08-10,21.826,23.7,-0.4202,23.75,24210.0,575068500.0,0.0,0.0,23.8,23.85,23.6,24210.0
2020-08-11,21.596,23.45,-1.0549,23.46,20590.0,482965500.0,0.0,0.0,23.5,23.7,23.3,20590.0
2020-08-12,21.55,23.4,-0.2132,23.3,16700.0,389179000.0,0.0,0.0,23.4,23.4,23.1,16700.0
2020-08-13,21.182,23.0,-1.7094,22.86,36440.0,833099500.0,0.0,0.0,23.0,23.0,22.8,36440.0
2020-08-14,21.642,23.5,2.1739,22.82,7500.0,171182500.0,0.0,0.0,23.0,24.45,22.8,7500.0
2020-08-17,21.55,23.4,-0.4255,23.07,2310.0,53284000.0,0.0,0.0,23.0,23.5,23.0,2310.0
2020-08-18,21.642,23.5,0.4274,23.55,910.0,21430000.0,0.0,0.0,23.55,23.55,23.5,910.0
2020-08-19,21.688,23.55,0.2128,23.38,2080.0,48634000.0,0.0,0.0,23.2,23.55,23.2,2080.0
2020-08-20,21.458,23.3,-1.0616,23.07,2150.0,49611000.0,0.0,0.0,23.1,23.3,23.0,2150.0
2020-08-21,21.642,23.5,0.8584,23.47,5730.0,134478000.0,0.0,0.0,23.3,23.5,23.3,5730.0
2020-08-24,21.642,23.5,0.0,23.48,25200.0,591644500.0,0.0,0.0,23.5,23.55,23.4,25200.0
2020-08-25,21.642,23.5,0.0,23.52,10800.0,254005000.0,0.0,0.0,24.0,24.0,23.5,10800.0
2020-08-26,21.642,23.5,0.0,23.5,15430.0,362605000.0,0.0,0.0,23.5,23.5,23.5,15430.0
2020-08-27,21.642,23.5,0.0,23.5,57060.0,1340935000.0,0.0,0.0,23.75,23.75,23.5,57060.0
2020-08-28,21.642,23.5,0.0,23.5,21970.0,516295000.0,0.0,0.0,23.5,23.5,23.5,21970.0
2020-08-31,21.504,23.35,-0.6383,23.35,14940.0,348861500.0,358000.0,8413000000.0,23.2,23.4,23.2,372940.0
2020-09-01,21.458,23.3,-0.2141,23.35,18740.0,437628000.0,0.0,0.0,24.4,24.4,23.3,18740.0
2020-09-03,21.504,23.35,0.2146,23.32,1640.0,38239000.0,0.0,0.0,23.3,23.35,23.3,1640.0
2020-09-04,21.504,23.35,0.0,23.34,530.0,12372000.0,358000.0,8370940000.0,23.35,23.35,23.0,358530.0
2020-09-07,21.274,23.1,-1.0707,23.08,12500.0,288500000.0,0.0,0.0,23.0,23.1,23.0,12500.0
2020-09-08,21.55,23.4,1.2987,23.38,790.0,18466500.0,0.0,0.0,23.2,23.45,23.2,790.0
2020-09-09,21.55,23.4,0.0,22.79,120.0,2734500.0,0.0,0.0,22.35,23.4,22.35,120.0
2020-09-10,21.458,23.3,-0.4274,23.22,4350.0,100989000.0,0.0,0.0,23.2,23.5,22.5,4350.0
2020-09-11,21.642,23.5,0.8584,23.49,15300.0,359459500.0,0.0,0.0,23.45,23.5,23.4,15300.0
2020-09-14,22.517,24.45,4.0426,23.51,57230.0,1345712500.0,0.0,0.0,23.5,24.45,23.5,57230.0
2020-09-15,21.734,23.6,-3.4765,23.66,7920.0,187357500.0,0.0,0.0,23.6,24.4,23.6,7920.0
2020-09-16,21.642,23.5,-0.4237,23.49,15180.0,356654000.0,0.0,0.0,23.1,23.5,23.1,15180.0
2020-09-17,21.55,23.4,-0.4255,23.41,30670.0,717903000.0,0.0,0.0,23.5,23.5,23.4,30670.0
2020-09-18,21.642,23.5,0.4274,23.5,27960.0,657060000.0,0.0,0.0,23.5,23.5,23.5,27960.0
2020-09-21,21.642,23.5,0.0,23.5,25010.0,587735000.0,0.0,0.0,23.5,23.5,23.5,25010.0
2020-09-22,21.642,23.5,0.0,23.5,5000.0,117515000.0,0.0,0.0,23.5,23.6,23.5,5000.0
2020-09-23,21.826,23.7,0.8511,23.53,3500.0,82350000.0,0.0,0.0,23.5,23.7,23.5,3500.0
2020-09-24,22.103,24.0,1.2658,23.9,2500.0,59742500.0,0.0,0.0,23.55,24.2,23.55,2500.0
2020-09-25,22.241,24.15,0.625,24.11,8140.0,196260000.0,0.0,0.0,24.35,24.35,24.0,8140.0
2020-09-28,22.241,24.15,0.0,24.24,2210.0,53563500.0,0.0,0.0,24.15,24.3,24.15,2210.0
2020-09-29,22.333,24.25,0.4141,24.25,1820.0,44135500.0,0.0,0.0,24.25,24.3,24.25,1820.0
2020-09-30,22.379,24.3,0.2062,24.29,4730.0,114868500.0,0.0,0.0,24.2,24.3,24.2,4730.0
2020-10-01,22.563,24.5,0.823,24.5,3630.0,88932500.0,0.0,0.0,24.25,24.5,24.25,3630.0
2020-10-02,22.379,24.3,-0.8163,24.3,36100.0,877230000.0,0.0,0.0,24.3,24.3,24.3,36100.0
2020-10-05,21.826,23.7,-2.4691,23.76,5250.0,124763000.0,0.0,0.0,23.8,23.9,23.7,5250.0
2020-10-06,22.011,23.9,0.8439,23.9,500.0,11950000.0,0.0,0.0,23.9,23.9,23.9,500.0
2020-10-07,22.517,24.45,2.3013,24.02,3320.0,79738000.0,0.0,0.0,23.9,24.45,23.9,3320.0
2020-10-08,22.563,24.5,0.2045,24.5,7140.0,174930000.0,0.0,0.0,24.5,24.5,24.5,7140.0
2020-10-09,22.563,24.5,0.0,24.52,9770.0,239525000.0,0.0,0.0,24.6,24.6,24.5,9770.0
2020-10-12,22.563,24.5,0.0,24.51,2270.0,55635000.0,0.0,0.0,25.0,25.0,24.5,2270.0
2020-10-13,22.563,24.5,0.0,24.5,14020.0,343494000.0,0.0,0.0,24.7,24.7,24.5,14020.0
2020-10-14,22.609,24.55,0.2041,24.55,230.0,5646500.0,0.0,0.0,24.55,24.55,24.55,230.0
2020-10-15,22.287,24.2,-1.4257,24.49,51600.0,1263537500.0,220000.0,5390000000.0,24.5,24.5,24.2,271600.0
2020-10-16,21.826,23.7,-2.0661,23.54,460.0,10830000.0,0.0,0.0,23.5,24.5,23.5,460.0
2020-10-19,22.747,24.7,4.2194,23.71,3020.0,71607000.0,0.0,0.0,23.8,25.0,23.5,3020.0
2020-10-20,22.655,24.6,-0.4049,24.699,1410.0,34826000.0,620000.0,15190000000.0,24.7,24.7,24.6,621410.0
2020-10-21,22.655,24.6,0.0,0.0,0.0,0.0,0.0,0.0,24.6,24.6,24.6,0.0
2020-10-22,22.563,24.5,-0.4065,24.09,4450.0,107217000.0,0.0,0.0,25.0,25.0,24.05,4450.0
2020-10-23,22.563,24.5,0.0,0.0,0.0,0.0,400000.0,9723200000.0,24.5,24.5,24.5,400000.0
2020-10-26,22.517,24.45,-0.2041,24.42,9800.0,239350000.0,0.0,0.0,24.05,24.5,24.05,9800.0
2020-10-27,22.287,24.2,-1.0225,24.4,13410.0,327214000.0,0.0,0.0,24.2,24.65,24.2,13410.0
2020-10-28,22.287,24.2,0.0,24.2,11900.0,287988000.0,0.0,0.0,24.2,24.6,24.2,11900.0
2020-10-29,22.149,24.05,-0.6198,24.05,10000.0,240500000.0,0.0,0.0,24.05,24.05,24.05,10000.0
2020-10-30,22.149,24.05,0.0,0.0,0.0,0.0,0.0,0.0,24.05,24.05,24.05,0.0
2020-11-02,22.149,24.05,0.0,0.0,0.0,0.0,0.0,0.0,24.05,24.05,24.05,0.0
2020-11-03,22.149,24.05,0.0,0.0,0.0,0.0,0.0,0.0,24.05,24.05,24.05,0.0
2020-11-04,23.024,25.0,3.9501,24.84,2740.0,68051000.0,0.0,0.0,24.6,25.0,24.55,2740.0
2020-11-05,23.024,25.0,0.0,24.87,1540.0,38306500.0,0.0,0.0,25.5,25.5,24.55,1540.0
2020-11-06,23.024,25.0,0.0,25.0,1620.0,40500000.0,0.0,0.0,25.0,25.0,25.0,1620.0
2020-11-09,23.024,25.0,0.0,25.0,310.0,7750000.0,0.0,0.0,25.0,25.0,25.0,310.0
2020-11-10,23.024,25.0,0.0,25.0,930.0,23250000.0,0.0,0.0,25.0,25.0,25.0,930.0
2020-11-11,23.024,25.0,0.0,24.49,1590.0,38940000.0,0.0,0.0,24.1,25.0,24.1,1590.0
2020-11-12,23.024,25.0,0.0,0.0,0.0,0.0,0.0,0.0,25.0,25.0,25.0,0.0
2020-11-13,23.484,25.5,2.0,25.13,2820.0,70860000.0,0.0,0.0,25.0,25.5,25.0,2820.0
2020-11-16,23.024,25.0,-1.9608,25.21,6240.0,157290000.0,0.0,0.0,25.5,25.5,25.0,6240.0
2020-11-17,23.024,25.0,0.0,25.0,15910.0,397814000.0,600000.0,15000000000.0,25.0,25.2,25.0,615910.0
2020-11-18,23.024,25.0,0.0,25.0,8170.0,204250000.0,0.0,0.0,25.0,25.0,25.0,8170.0
2020-11-19,22.84,24.8,-0.8,24.97,6070.0,151547000.0,0.0,0.0,25.0,25.1,24.8,6070.0
2020-11-20,22.84,24.8,0.0,24.79,1830.0,45357000.0,600000.0,14868900000.0,24.5,25.0,24.5,601830.0
2020-11-23,22.932,24.9,0.4032,24.91,4200.0,104610000.0,0.0,0.0,24.8,25.0,24.8,4200.0
2020-11-24,22.932,24.9,0.0,24.81,3080.0,76423000.0,0.0,0.0,25.0,25.0,24.8,3080.0
2020-11-25,22.932,24.9,0.0,24.91,1390.0,34621000.0,0.0,0.0,24.95,24.95,24.9,1390.0
2020-11-26,22.932,24.9,0.0,24.9,300.0,7470000.0,347000.0,8675000000.0,24.9,24.9,24.9,347300.0
2020-11-27,22.932,24.9,0.0,24.93,1400.0,34900000.0,0.0,0.0,25.0,25.0,24.9,1400.0
2020-11-30,22.932,24.9,0.0,24.97,8430.0,210534000.0,0.0,0.0,25.0,25.0,24.9,8430.0
2020-12-01,23.024,25.0,0.4016,24.98,12640.0,315780000.0,347000.0,8600600000.0,25.0,25.0,24.9,359640.0
2020-12-02,23.3,25.3,1.2,25.22,25030.0,631199000.0,0.0,0.0,25.1,25.4,25.1,25030.0
2020-12-03,23.6,23.6,1.2876,23.51,7480.0,175828000.0,0.0,0.0,23.5,23.6,23.4,7480.0
2020-12-04,23.7,23.7,0.4237,23.95,910.0,21796000.0,0.0,0.0,24.5,24.5,23.6,910.0
2020-12-07,23.4,23.4,-1.2658,23.48,4560.0,107085000.0,0.0,0.0,23.5,23.5,23.4,4560.0
2020-12-08,23.4,23.4,0.0,23.47,18480.0,433649000.0,0.0,0.0,23.4,23.6,23.4,18480.0
2020-12-09,23.7,23.7,1.2821,23.71,520.0,12327000.0,0.0,0.0,23.9,23.9,23.7,520.0
2020-12-10,23.45,23.45,-1.0549,23.42,6310.0,147769500.0,0.0,0.0,23.0,23.5,23.0,6310.0
2020-12-11,23.4,23.4,-0.2132,23.11,1980.0,45756000.0,0.0,0.0,23.1,23.4,23.0,1980.0
2020-12-14,23.3,23.3,-0.4274,23.05,5680.0,130942000.0,0.0,0.0,23.4,23.4,23.0,5680.0
2020-12-15,23.3,23.3,0.0,22.78,4630.0,105473000.0,0.0,0.0,23.0,23.3,22.0,4630.0
2020-12-16,23.0,23.0,-1.2876,23.0,260.0,5980000.0,0.0,0.0,23.0,23.0,23.0,260.0
2020-12-17,22.6,22.6,-1.7391,23.06,7600.0,175280000.0,0.0,0.0,23.2,23.2,22.6,7600.0
2020-12-18,22.6,22.6,0.0,22.6,1600.0,36160000.0,0.0,0.0,22.6,22.6,22.6,1600.0
2020-12-21,22.6,22.6,0.0,22.6,5120.0,115712000.0,0.0,0.0,22.6,22.6,22.6,5120.0
2020-12-22,22.6,22.6,0.0,22.6,9230.0,208613000.0,0.0,0.0,22.65,22.65,22.6,9230.0
2020-12-23,22.7,22.7,0.4425,22.61,240.0,5426000.0,0.0,0.0,22.6,22.7,22.6,240.0
2020-12-24,22.7,22.7,0.0,22.7,960.0,21792000.0,0.0,0.0,22.7,22.7,22.7,960.0
2020-12-25,22.8,22.8,0.4405,22.72,940.0,21355000.0,0.0,0.0,22.7,22.8,22.7,940.0
2020-12-28,23.5,23.5,3.0702,23.5,400.0,9400000.0,0.0,0.0,23.5,23.5,23.5,400.0
2020-12-29,23.0,23.0,-2.1277,22.34,3860.0,86230000.0,0.0,0.0,21.9,23.0,21.9,3860.0
2020-12-30,22.6,22.6,-1.7391,22.95,910.0,20886000.0,0.0,0.0,22.6,23.0,22.6,910.0
2020-12-31,23.0,23.0,1.7699,22.84,5720.0,130667000.0,0.0,0.0,23.0,23.0,22.5,5720.0
2021-01-04,23.0,23.0,0.0,23.0,11300.0,259900000.0,0.0,0.0,23.0,23.0,23.0,11300.0
2021-01-05,23.0,23.0,0.0,23.0,15200.0,349600000.0,0.0,0.0,23.0,23.0,23.0,15200.0
2021-01-06,23.0,23.0,0.0,23.0,24900.0,572700000.0,0.0,0.0,23.0,23.0,23.0,24900.0
2021-01-07,23.0,23.0,0.0,23.0,3000.0,69000000.0,0.0,0.0,23.0,23.0,23.0,3000.0
2021-01-08,23.0,23.0,0.0,23.0,9400.0,216200000.0,0.0,0.0,23.0,23.0,23.0,9400.0
2021-01-11,23.0,23.0,0.0,23.0,61100.0,1405300000.0,0.0,0.0,23.0,23.0,23.0,61100.0
2021-01-12,23.0,23.0,0.0,23.0,15700.0,361100000.0,670000.0,15410000000.0,23.0,23.0,23.0,685700.0
2021-01-13,23.0,23.0,0.0,23.01,11100.0,255410000.0,0.0,0.0,23.0,23.1,23.0,11100.0
2021-01-14,23.0,23.0,0.0,23.11,10300.0,238000000.0,0.0,0.0,23.5,23.5,23.0,10300.0
2021-01-15,23.1,23.1,0.4348,23.0,20100.0,462330000.0,670000.0,15410000000.0,23.0,23.1,23.0,690100.0
2021-01-18,22.7,22.7,-1.7316,22.93,400.0,9170000.0,0.0,0.0,23.0,23.0,22.7,400.0
2021-01-19,22.6,22.6,-0.4405,22.7,2500.0,56760000.0,0.0,0.0,22.7,22.8,22.6,2500.0
2021-01-20,22.5,22.5,-0.4425,22.31,25700.0,573290000.0,0.0,0.0,22.5,22.9,22.0,25700.0
2021-01-21,22.5,22.5,0.0,22.53,2400.0,54070000.0,0.0,0.0,22.5,22.6,22.5,2400.0
2021-01-22,22.6,22.6,0.4444,22.68,3000.0,68050000.0,0.0,0.0,22.5,22.7,22.5,3000.0
2021-01-25,22.7,22.7,0.4425,22.7,14000.0,317780000.0,0.0,0.0,22.7,22.7,22.6,14000.0
2021-01-26,22.2,22.2,-2.2026,22.43,16300.0,365550000.0,0.0,0.0,22.5,22.5,22.2,16300.0
2021-01-27,22.2,22.2,0.0,22.29,3100.0,69110000.0,0.0,0.0,22.2,22.5,22.2,3100.0
2021-01-28,20.65,20.65,-6.982,21.78,19500.0,424755000.0,0.0,0.0,22.0,22.1,20.65,19500.0
2021-01-29,22.05,22.05,6.7797,20.22,600.0,12130000.0,0.0,0.0,19.3,22.05,19.3,600.0
2021-02-01,22.5,22.5,2.0408,22.5,2100.0,47250000.0,0.0,0.0,22.5,22.5,22.5,2100.0
2021-02-02,22.0,22.0,-2.2222,22.39,4500.0,100750000.0,0.0,0.0,22.5,22.5,22.0,4500.0
2021-02-03,22.5,22.5,2.2727,22.28,900.0,20050000.0,0.0,0.0,22.0,22.5,22.0,900.0
2021-02-04,22.5,22.5,0.0,0.0,0.0,0.0,0.0,0.0,22.5,22.5,22.5,0.0
2021-02-05,22.5,22.5,0.0,22.5,1800.0,40500000.0,0.0,0.0,22.5,22.5,22.5,1800.0
2021-02-08,22.2,22.2,-1.3333,22.55,200.0,4510000.0,0.0,0.0,22.9,22.9,22.2,200.0
2021-02-09,23.65,23.65,6.5315,23.38,6500.0,151940000.0,0.0,0.0,22.3,23.65,22.3,6500.0
2021-02-17,22.3,22.3,-5.7082,22.23,29100.0,646980000.0,0.0,0.0,22.5,22.5,22.1,29100.0
2021-02-18,22.3,22.3,0.0,22.3,1500.0,33450000.0,0.0,0.0,22.3,22.3,22.3,1500.0
2021-02-19,22.0,22.0,-1.3453,22.0,7200.0,158405000.0,0.0,0.0,22.0,22.05,22.0,7200.0
2021-02-22,22.0,22.0,0.0,22.0,19000.0,417920000.0,0.0,0.0,22.0,22.0,21.8,19000.0
2021-02-23,22.9,22.9,4.0909,22.18,2500.0,55440000.0,0.0,0.0,22.0,22.9,22.0,2500.0
2021-02-24,22.0,22.0,-3.9301,22.28,900.0,20050000.0,0.0,0.0,22.5,22.5,22.0,900.0
2021-02-25,22.55,22.55,2.5,22.02,3200.0,70455000.0,0.0,0.0,22.0,22.55,22.0,3200.0
2021-02-26,22.55,22.55,0.0,0.0,0.0,0.0,0.0,0.0,22.55,22.55,22.55,0.0
2021-03-01,22.55,22.55,0.0,22.52,12600.0,283790000.0,0.0,0.0,22.55,22.55,22.5,12600.0
2021-03-02,22.5,22.5,-0.2217,22.52,21000.0,472950000.0,0.0,0.0,22.55,22.55,22.5,21000.0
2021-03-03,22.5,22.5,0.0,22.48,4400.0,98900000.0,0.0,0.0,22.5,22.5,22.3,4400.0
2021-03-04,22.5,22.5,0.0,22.5,3700.0,83250000.0,0.0,0.0,22.5,22.5,22.5,3700.0
2021-03-05,22.2,22.2,-1.3333,22.24,12400.0,275780000.0,0.0,0.0,22.4,22.5,22.1,12400.0
2021-03-08,22.15,22.15,-0.2252,22.17,10000.0,221650000.0,0.0,0.0,22.2,22.2,22.15,10000.0
2021-03-09,22.1,22.1,-0.2257,22.04,20900.0,460665000.0,0.0,0.0,21.7,22.15,21.7,20900.0
2021-03-10,22.1,22.1,0.0,22.14,25200.0,557975000.0,0.0,0.0,22.5,22.5,22.1,25200.0
2021-03-11,22.25,22.25,0.6787,22.2,13100.0,290835000.0,0.0,0.0,22.1,22.3,22.1,13100.0
2021-03-12,22.5,22.5,1.1236,22.37,23000.0,514490000.0,0.0,0.0,22.3,22.5,22.3,23000.0
2021-03-15,22.2,22.2,-1.3333,22.06,44200.0,975185000.0,0.0,0.0,22.3,22.3,22.0,44200.0
2021-03-16,22.0,22.0,-0.9009,22.0,2000.0,44005000.0,0.0,0.0,22.0,22.05,22.0,2000.0
2021-03-17,22.2,22.2,0.9091,22.2,21300.0,472860000.0,0.0,0.0,22.2,22.2,22.2,21300.0
2021-03-18,22.2,22.2,0.0,22.16,13300.0,294770000.0,0.0,0.0,22.2,22.2,22.1,13300.0
2021-03-19,22.2,22.2,0.0,22.19,36100.0,801000000.0,0.0,0.0,22.2,22.2,22.0,36100.0
2021-03-22,22.3,22.3,0.4505,22.3,100.0,2230000.0,0.0,0.0,22.3,22.3,22.3,100.0
2021-03-23,22.3,22.3,0.0,22.3,20700.0,461610000.0,0.0,0.0,22.3,22.3,22.3,20700.0
2021-03-24,22.3,22.3,0.0,22.3,10500.0,234140000.0,0.0,0.0,22.3,22.3,22.2,10500.0
2021-03-25,22.3,22.3,0.0,22.27,11000.0,245020000.0,0.0,0.0,22.2,22.3,22.2,11000.0
2021-03-26,21.7,21.7,-2.6906,21.73,2000.0,43450000.0,0.0,0.0,21.7,21.8,21.7,2000.0
2021-03-29,22.1,22.1,1.8433,22.07,2100.0,46350000.0,0.0,0.0,22.0,22.5,22.0,2100.0
2021-03-30,22.2,22.2,0.4525,22.18,14200.0,314930000.0,0.0,0.0,22.1,22.3,22.0,14200.0
2021-03-31,22.3,22.3,0.4505,21.97,3400.0,74700000.0,0.0,0.0,21.5,22.3,21.5,3400.0
2021-04-01,22.05,22.05,-1.1211,22.41,8300.0,185965000.0,0.0,0.0,22.0,22.5,22.0,8300.0
2021-04-02,22.05,22.05,0.0,22.05,11500.0,253575000.0,0.0,0.0,22.05,22.05,22.05,11500.0
2021-04-05,22.1,22.1,0.2268,22.11,5300.0,117185000.0,0.0,0.0,22.05,22.2,22.05,5300.0
2021-04-06,22.3,22.3,0.905,22.3,9400.0,209620000.0,0.0,0.0,22.3,22.3,22.3,9400.0
2021-04-07,22.3,22.3,0.0,22.32,2400.0,53570000.0,0.0,0.0,22.3,22.35,22.3,2400.0
2021-04-08,22.6,22.6,1.3453,22.54,47400.0,1068590000.0,0.0,0.0,22.3,22.6,22.3,47400.0
2021-04-09,22.6,22.6,0.0,22.6,5500.0,124300000.0,0.0,0.0,22.6,22.6,22.6,5500.0
2021-04-12,22.85,22.85,1.1062,22.6,30100.0,680285000.0,0.0,0.0,22.6,22.85,22.6,30100.0
2021-04-13,22.85,22.85,0.0,0.0,0.0,0.0,0.0,0.0,22.85,22.85,22.85,0.0
2021-04-14,22.6,22.6,-1.0941,22.6,10000.0,226000000.0,0.0,0.0,22.6,22.6,22.6,10000.0
2021-04-15,22.6,22.6,0.0,22.6,33300.0,752600000.0,0.0,0.0,22.6,22.7,22.6,33300.0
2021-04-16,22.6,22.6,0.0,22.6,19100.0,431660000.0,0.0,0.0,22.6,22.6,22.6,19100.0
2021-04-19,22.6,22.6,0.0,22.63,9300.0,210420000.0,0.0,0.0,22.7,22.7,22.6,9300.0
2021-04-20,22.8,22.8,0.885,22.7,5100.0,115780000.0,0.0,0.0,22.7,22.8,22.7,5100.0
2021-04-22,22.6,22.6,-0.8772,22.62,53700.0,1214830000.0,0.0,0.0,22.7,22.7,22.6,53700.0
2021-04-23,22.65,22.65,0.2212,22.6,5900.0,133345000.0,0.0,0.0,22.6,22.65,22.6,5900.0
2021-04-26,22.0,22.0,-2.8698,22.5,14600.0,328500000.0,0.0,0.0,22.65,23.0,22.0,14600.0
2021-04-27,21.75,21.75,-1.1364,21.74,4700.0,102165000.0,0.0,0.0,21.7,21.75,21.7,4700.0
2021-04-28,22.5,22.5,3.4483,21.74,2900.0,63050000.0,0.0,0.0,21.5,22.5,21.5,2900.0
2021-04-29,22.0,22.0,-2.2222,22.0,1900.0,41800000.0,0.0,0.0,22.0,22.0,22.0,1900.0
2021-05-04,22.0,22.0,0.0,22.0,1000.0,22000000.0,0.0,0.0,22.0,22.0,22.0,1000.0
2021-05-05,22.0,22.0,0.0,22.36,700.0,15655000.0,0.0,0.0,22.8,22.8,21.65,700.0
2021-05-06,22.7,22.7,3.1818,21.93,3500.0,76750000.0,0.0,0.0,22.0,22.7,21.8,3500.0
2021-05-07,21.8,21.8,-3.9648,21.8,6200.0,135150000.0,0.0,0.0,21.6,22.2,21.6,6200.0
2021-05-10,22.4,22.4,2.7523,22.25,20200.0,449500000.0,0.0,0.0,22.0,22.4,21.9,20200.0
2021-05-11,22.6,22.6,0.8929,22.31,13000.0,290040000.0,0.0,0.0,22.0,22.6,22.0,13000.0
2021-05-12,22.5,22.5,-0.4425,22.5,200.0,4500000.0,0.0,0.0,22.5,22.5,22.5,200.0
2021-05-13,22.4,22.4,-0.4444,22.4,100.0,2240000.0,0.0,0.0,22.4,22.4,22.4,100.0
2021-05-14,21.6,21.6,-3.5714,21.83,19500.0,425775000.0,0.0,0.0,22.4,22.4,21.5,19500.0
2021-05-17,21.55,21.55,-0.2315,21.55,2300.0,49575000.0,0.0,0.0,21.6,21.6,21.55,2300.0
2021-05-18,22.5,22.5,4.4084,21.31,3100.0,66075000.0,0.0,0.0,21.0,22.5,21.0,3100.0
2021-05-19,22.4,22.4,-0.4444,21.54,4200.0,90480000.0,0.0,0.0,22.4,22.4,21.5,4200.0
2021-05-20,21.5,21.5,-4.0179,21.5,1500.0,32250000.0,0.0,0.0,21.5,21.5,21.5,1500.0
2021-05-21,21.5,21.5,0.0,21.5,5200.0,111800000.0,0.0,0.0,21.5,21.5,21.5,5200.0
2021-05-24,22.05,22.05,2.5581,21.57,1600.0,34515000.0,0.0,0.0,21.5,22.05,20.0,1600.0
2021-05-25,22.0,22.0,-0.2268,22.01,1000.0,22005000.0,0.0,0.0,22.05,22.05,22.0,1000.0
2021-05-26,22.05,22.05,0.2273,22.01,700.0,15405000.0,0.0,0.0,22.0,22.05,22.0,700.0
2021-05-27,22.05,22.05,0.0,0.0,0.0,0.0,0.0,0.0,22.05,22.05,22.05,0.0
2021-05-28,22.0,22.0,-0.2268,21.96,3300.0,72455000.0,0.0,0.0,20.55,22.0,20.55,3300.0
2021-05-31,20.75,20.75,-5.6818,21.2,64600.0,1369345000.0,0.0,0.0,22.0,22.0,20.7,64600.0
2021-06-01,20.75,20.75,0.0,20.75,5700.0,118275000.0,0.0,0.0,20.75,20.75,20.75,5700.0
2021-06-02,22.05,22.05,6.2651,21.14,1200.0,25365000.0,0.0,0.0,20.1,22.05,20.1,1200.0
2021-06-03,21.0,21.0,-4.7619,21.31,7200.0,153435000.0,0.0,0.0,21.3,21.95,21.0,7200.0
2021-06-04,20.65,20.65,0.0,20.67,4100.0,84730000.0,645000.0,14190000000.0,21.0,21.0,20.6,649100.0
2021-06-07,21.0,21.0,1.6949,20.73,20500.0,424945000.0,0.0,0.0,20.65,21.0,20.65,20500.0
2021-06-08,21.0,21.0,0.0,21.13,3000.0,63380000.0,0.0,0.0,21.2,21.2,21.0,3000.0
2021-06-09,20.9,20.9,-0.4762,20.87,1100.0,22960000.0,645000.0,14444500000.0,20.85,20.9,20.85,646100.0
2021-06-10,20.75,20.75,-0.7177,20.92,4600.0,96250000.0,0.0,0.0,20.9,21.0,20.75,4600.0
2021-06-11,19.55,19.55,-5.7831,19.55,33100.0,647225000.0,0.0,0.0,20.75,20.75,19.55,33100.0
2021-06-14,20.9,20.9,6.9054,20.82,5300.0,110370000.0,1841452.0,33514426400.0,20.9,20.9,20.7,1846752.0
2021-06-15,20.9,20.9,0.0,20.94,6300.0,131950000.0,0.0,0.0,21.0,21.0,20.9,6300.0
2021-06-16,20.9,20.9,0.0,20.73,7700.0,159610000.0,0.0,0.0,20.5,21.0,20.5,7700.0
2021-06-17,21.0,21.0,0.4785,20.99,4500.0,94475000.0,0.0,0.0,20.9,21.25,20.9,4500.0
2021-06-18,21.0,21.0,0.0,21.0,7300.0,153300000.0,0.0,0.0,21.0,21.0,21.0,7300.0
2021-06-21,21.15,21.15,0.7143,21.07,9500.0,200185000.0,0.0,0.0,21.0,21.25,21.0,9500.0
2021-06-22,21.3,21.3,0.7092,21.24,4400.0,93470000.0,0.0,0.0,21.15,21.3,21.15,4400.0
2021-06-23,21.3,21.3,0.0,21.3,800.0,17040000.0,0.0,0.0,21.3,21.3,21.3,800.0
2021-06-24,21.3,21.3,0.0,21.3,3300.0,70290000.0,0.0,0.0,21.3,21.3,21.3,3300.0
2021-06-25,21.4,21.4,0.4695,21.4,7400.0,158370000.0,0.0,0.0,21.3,21.5,21.3,7400.0
2021-06-28,21.0,21.0,-1.8692,21.0,1000.0,21000000.0,0.0,0.0,21.0,21.0,21.0,1000.0
2021-06-29,21.6,21.6,2.8571,21.78,16300.0,355000000.0,0.0,0.0,21.0,22.0,21.0,16300.0
2021-06-30,21.6,21.6,0.0,21.66,5600.0,121320000.0,0.0,0.0,21.7,21.7,21.6,5600.0
2021-07-01,21.5,21.5,-0.463,21.5,2600.0,55900000.0,0.0,0.0,21.5,21.5,21.5,2600.0
2021-07-02,22.0,22.0,2.3256,21.7,600.0,13020000.0,0.0,0.0,22.0,22.0,21.1,600.0
2021-07-05,21.05,21.05,-4.3182,21.32,500.0,10660000.0,0.0,0.0,21.5,21.5,21.05,500.0
2021-07-06,21.3,21.3,1.1876,21.28,1800.0,38300000.0,0.0,0.0,21.2,21.3,21.2,1800.0
2021-07-07,21.3,21.3,0.0,21.35,4200.0,89680000.0,0.0,0.0,21.4,21.4,21.3,4200.0
2021-07-08,21.2,21.2,-0.4695,21.27,15500.0,329750000.0,267000.0,5687100000.0,21.3,21.3,21.2,282500.0
2021-07-09,21.2,21.2,0.0,21.21,6500.0,137860000.0,0.0,0.0,21.0,21.3,21.0,6500.0
2021-07-12,21.95,21.95,3.5377,20.54,23400.0,480650000.0,0.0,0.0,21.0,21.95,20.0,23400.0
2021-07-13,21.7,21.7,-1.139,20.81,7200.0,149850000.0,382000.0,8073700000.0,20.8,21.7,20.8,389200.0
2021-07-14,21.5,21.5,-0.9217,21.01,9100.0,191190000.0,0.0,0.0,20.7,21.5,20.6,9100.0
2021-07-15,21.6,21.6,0.4651,21.56,8100.0,174670000.0,200000.0,4300000000.0,20.0,21.6,20.0,208100.0
2021-07-16,21.7,21.7,0.463,21.42,9600.0,205670000.0,115000.0,2397750000.0,21.6,21.7,21.1,124600.0
2021-07-19,21.7,21.7,0.0,0.0,0.0,0.0,0.0,0.0,21.7,21.7,21.7,0.0
2021-07-20,21.5,21.5,-0.9217,21.159,10200.0,215820000.0,200000.0,4280000000.0,21.5,21.5,20.7,210200.0
2021-07-21,21.7,21.7,0.9302,21.28,5200.0,110640000.0,0.0,0.0,21.1,21.7,21.1,5200.0
2021-07-22,21.4,21.4,-1.3825,21.34,4500.0,96020000.0,0.0,0.0,21.1,21.5,21.1,4500.0
2021-07-23,21.2,21.2,-0.9346,21.22,5100.0,108230000.0,0.0,0.0,21.3,21.3,21.2,5100.0
2021-07-26,21.2,21.2,0.0,21.237,2700.0,57340000.0,0.0,0.0,21.3,21.3,21.2,2700.0
2021-07-27,21.0,21.0,-0.9434,21.0,100.0,2100000.0,0.0,0.0,21.0,21.0,21.0,100.0
2021-07-28,21.5,21.5,2.381,21.5,18100.0,389100000.0,0.0,0.0,21.0,21.5,21.0,18100.0
2021-07-29,21.5,21.5,0.0,21.5,2100.0,45145000.0,0.0,0.0,21.45,21.5,21.45,2100.0
2021-07-30,21.5,21.5,0.0,21.5,7000.0,150500000.0,0.0,0.0,21.5,21.5,21.5,7000.0
2021-08-02,21.5,21.5,0.0,21.48,3100.0,66580000.0,0.0,0.0,21.45,21.5,21.45,3100.0
2021-08-03,21.6,21.6,0.4651,21.5,1400.0,30095000.0,0.0,0.0,21.45,21.6,21.45,1400.0
2021-08-04,21.4,21.4,-0.9259,21.5,4400.0,94580000.0,0.0,0.0,21.7,21.7,21.4,4400.0
2021-08-05,21.65,21.65,1.1682,21.68,800.0,17345000.0,0.0,0.0,21.7,21.7,21.65,800.0
2021-08-06,21.75,21.75,0.4619,21.63,8100.0,175210000.0,0.0,0.0,21.7,21.75,21.6,8100.0
2021-08-09,21.75,21.75,0.0,21.7,1900.0,41230000.0,0.0,0.0,21.6,21.75,21.6,1900.0
2021-08-10,21.9,21.9,0.6897,21.84,3400.0,74250000.0,0.0,0.0,21.5,21.9,21.5,3400.0
2021-08-11,21.4,21.4,-2.2831,21.62,27100.0,585900000.0,299000.0,6548100000.0,22.0,22.0,21.35,326100.0
2021-08-12,21.7,21.7,1.4019,21.62,1800.0,38910000.0,0.0,0.0,21.6,21.7,21.5,1800.0
2021-08-13,22.0,22.0,1.3825,21.98,4400.0,96720000.0,0.0,0.0,22.0,22.0,21.8,4400.0
2021-08-16,22.3,22.3,1.3636,22.08,2500.0,55210000.0,299000.0,6529400000.0,22.0,22.3,22.0,301500.0
2021-08-17,22.4,22.4,0.4484,22.4,1400.0,31360000.0,0.0,0.0,22.4,22.4,22.4,1400.0
2021-08-18,22.5,22.5,0.4464,22.41,19400.0,434720000.0,0.0,0.0,22.4,22.5,22.4,19400.0
2021-08-19,22.45,22.45,-0.2222,22.45,900.0,20205000.0,0.0,0.0,22.45,22.45,22.45,900.0
2021-08-20,22.45,22.45,0.0,22.48,15400.0,346130000.0,0.0,0.0,22.5,22.5,22.45,15400.0
2021-08-23,22.1,22.1,-1.559,22.1,800.0,17680000.0,0.0,0.0,22.1,22.1,22.1,800.0
2021-08-24,22.1,22.1,0.0,22.1,1000.0,22100000.0,0.0,0.0,22.1,22.1,22.1,1000.0
2021-08-25,22.0,22.0,-0.4525,22.0,5000.0,110000000.0,0.0,0.0,22.0,22.0,22.0,5000.0
2021-08-26,22.0,22.0,0.0,0.0,0.0,0.0,0.0,0.0,22.0,22.0,22.0,0.0
2021-08-27,22.2,22.2,0.9091,22.2,2000.0,44400000.0,0.0,0.0,22.2,22.2,22.2,2000.0
2021-08-30,22.2,22.2,0.0,0.0,0.0,0.0,0.0,0.0,22.2,22.2,22.2,0.0
2021-08-31,22.3,22.3,0.4505,22.1,1500.0,33150000.0,0.0,0.0,22.0,22.3,22.0,1500.0
2021-09-01,23.0,23.0,3.139,23.39,7400.0,173100000.0,0.0,0.0,23.45,23.45,23.0,7400.0
2021-09-06,23.0,23.0,0.0,23.0,19600.0,450825000.0,0.0,0.0,23.0,23.05,23.0,19600.0
2021-09-07,23.5,23.5,2.1739,23.07,7000.0,161500000.0,0.0,0.0,23.0,23.5,23.0,7000.0
2021-09-08,23.0,23.0,-2.1277,23.35,7200.0,168150000.0,0.0,0.0,23.1,23.5,23.0,7200.0
2021-09-09,23.0,23.0,0.0,23.0,19000.0,437000000.0,0.0,0.0,23.0,23.0,23.0,19000.0
2021-09-10,23.0,23.0,0.0,23.0,24900.0,572710000.0,0.0,0.0,23.0,23.1,23.0,24900.0
2021-09-13,23.2,23.2,0.8696,23.18,10000.0,231800000.0,0.0,0.0,23.0,23.2,23.0,10000.0
2021-09-14,23.3,23.3,0.431,23.27,1400.0,32580000.0,0.0,0.0,23.2,23.4,23.2,1400.0
2021-09-15,23.4,23.4,0.4292,23.4,900.0,21060000.0,0.0,0.0,23.4,23.4,23.4,900.0
2021-09-16,23.4,23.4,0.0,23.4,400.0,9360000.0,0.0,0.0,23.4,23.4,23.4,400.0
2021-09-17,23.4,23.4,0.0,23.52,16100.0,378650000.0,0.0,0.0,23.4,23.6,23.4,16100.0
2021-09-20,23.5,23.5,0.4274,23.5,6900.0,162150000.0,0.0,0.0,23.5,23.5,23.5,6900.0
2021-09-21,23.6,23.6,0.4255,23.6,5300.0,125080000.0,0.0,0.0,23.6,23.6,23.6,5300.0
2021-09-22,23.7,23.7,0.4237,23.68,4300.0,101810000.0,0.0,0.0,23.6,23.7,23.6,4300.0
2021-09-23,23.5,23.5,-0.8439,23.72,1200.0,28460000.0,0.0,0.0,23.7,23.8,23.5,1200.0
2021-09-24,23.6,23.6,0.4255,23.6,2100.0,49560000.0,0.0,0.0,23.6,23.6,23.6,2100.0
2021-09-27,22.8,22.8,-3.3898,23.3,200.0,4660000.0,0.0,0.0,23.8,23.8,22.8,200.0
2021-09-28,23.5,23.5,3.0702,23.23,11100.0,257850000.0,0.0,0.0,23.0,23.5,23.0,11100.0
2021-09-29,23.5,23.5,0.0,23.19,4700.0,108970000.0,0.0,0.0,23.1,23.5,23.1,4700.0
2021-09-30,24.0,24.0,2.1277,24.0,200.0,4800000.0,0.0,0.0,24.0,24.0,24.0,200.0
2021-10-01,23.8,23.8,-0.8333,23.85,8900.0,212275000.0,0.0,0.0,24.0,24.0,23.5,8900.0
